age_stratification.cfr.multiplier: 0.0789914299803154
contact_rate: 0.13934233251925704
infectious_seed: 2191.7033229356175
sojourns.latent.total_time: 11.915661980921126
testing_to_detection.assumed_cdr_parameter: 0.041860255670353036
voc_emergence.omicron.contact_rate_multiplier: 2.9271663632496177
voc_emergence.omicron.new_voc_seed.start_time: 636.9442155377401