age_stratification.cfr.multiplier: 0.07528524573421563
contact_rate: 0.14210580921504348
infectious_seed: 2055.7263729664874
sojourns.latent.total_time: 11.91999439273338
testing_to_detection.assumed_cdr_parameter: 0.04054700877500625
voc_emergence.omicron.contact_rate_multiplier: 2.934410618331494
voc_emergence.omicron.new_voc_seed.start_time: 638.8847027666936