age_stratification.cfr.multiplier: 0.12769451766192202
contact_rate: 0.08149709276275724
infectious_seed: 3700.8753899380395
sojourns.latent.total_time: 7.241170517503939
testing_to_detection.assumed_cdr_parameter: 0.03364914192820864
voc_emergence.omicron.contact_rate_multiplier: 2.8670693515837007
voc_emergence.omicron.new_voc_seed.start_time: 651.2805702871352