age_stratification.cfr.multiplier: 0.1426948406678958
contact_rate: 0.108290224593715
infectious_seed: 1056.6641399257392
sojourns.latent.total_time: 10.175929773243968
testing_to_detection.assumed_cdr_parameter: 0.04309056026960742
voc_emergence.omicron.contact_rate_multiplier: 1.801629710004191263
voc_emergence.omicron.new_voc_seed.start_time: 640.6927210002594