clinical_stratification.icu_prop: 0.24760369383478434
clinical_stratification.non_sympt_infect_multiplier: 0.39890767207527733
clinical_stratification.props.hospital.multiplier: 0.9968942602014703
clinical_stratification.props.symptomatic.multiplier: 1.9959087254689223
contact_rate: 0.01731444214532223
infection_deaths_dispersion_param: 0.24018652081075464
infectious_seed: 159.08276676243597
mobility.microdistancing.behaviour.parameters.upper_asymptote: 0.08717467246042553
notifications_dispersion_param: 50.79576426640311
sojourn.compartment_periods_calculated.active.total_period: 6.105449378747231
sojourn.compartment_periods_calculated.exposed.total_period: 5.213929067820594
testing_to_detection.assumed_cdr_parameter: 0.0897163508603922
vaccination.overall_efficacy: 0.24696896792820322
vaccination.vacc_prop_prevent_infection: 0.7722261414075066
voc_emergence.contact_rate_multiplier: 1.6495253291557659
voc_emergence.start_time: 391.58111273354405