clinical_stratification.icu_prop: 0.23526396784096326
clinical_stratification.non_sympt_infect_multiplier: 0.29842747978507633
clinical_stratification.props.hospital.multiplier: 1.146504085149712
clinical_stratification.props.symptomatic.multiplier: 1.9649644861369038
contact_rate: 0.026235503702943065
infection_deaths_dispersion_param: 0.24554499464177532
infectious_seed: 172.15222379106626
mobility.microdistancing.behaviour.parameters.upper_asymptote: 0.12332770202207025
notifications_dispersion_param: 36.22550002834053
sojourn.compartment_periods_calculated.active.total_period: 6.781770708618738
sojourn.compartment_periods_calculated.exposed.total_period: 7.138783742586155
testing_to_detection.assumed_cdr_parameter: 0.08
vaccination.overall_efficacy: 0.48935941710899855
vaccination.vacc_prop_prevent_infection: 0.1387743432103678
voc_emergence.contact_rate_multiplier: 1.7304194675962319
voc_emergence.start_time: 477.0522331294149
