contact_rate: 0.0004991011465586611
testing_to_detection.assumed_cdr_parameter: 0.05903206835371813
infectious_seed: 83.62043729864462
clinical_stratification.props.hospital.multiplier: 0.2782937356200681
voc_emergence.start_time: 31.152008078996403
