accum_deaths_dispersion_param: 1.8988996933673357
clinical_stratification.props.hospital.multiplier: 0.31333341983742613
clinical_stratification.props.symptomatic.multiplier: 0.12561755886804643
contact_rate: 0.0007568118583626705
icu_occupancy_dispersion_param: 3.0805912482211015
infection_fatality.multiplier: 0.24444294136739453
infectious_seed: 65.001094422415
mobility.microdistancing.behaviour.parameters.max_effect: 0.02186426170685457
mobility.microdistancing.behaviour_adjuster.parameters.inflection_time: 58.0
mobility.microdistancing.behaviour_adjuster.parameters.lower_asymptote: 0.09796448747289632
notifications_dispersion_param: 1.9503680118217541
sojourn.compartment_periods_calculated.active.total_period: 0.2994112632666246
sojourn.compartment_periods_calculated.exposed.total_period: 0.5201802745790878
testing_to_detection.assumed_cdr_parameter: 0.05601095658285664
voc_emergence.contact_rate_multiplier: 0.9000000000000001
voc_emergence.start_time: 40.04118034419048
