sojourn.compartment_periods_calculated.exposed.total_period: 0.9135463950020033
sojourn.compartment_periods_calculated.active.total_period: 0.47593193928992683
notifications_dispersion_param: 2.569582917828993
icu_occupancy_dispersion_param: 4.311374616596998
accum_deaths_dispersion_param: 3.75503767601287
contact_rate: 0.0012577443876812741
testing_to_detection.assumed_cdr_parameter: 0.07613940056696179
mobility.microdistancing.behaviour.parameters.max_effect: 0.04038423073756846
infectious_seed: 85.2218149843433
clinical_stratification.props.symptomatic.multiplier: 0.21235967339006623
clinical_stratification.props.hospital.multiplier: 0.581910649493731
infection_fatality.multiplier: 0.4746809634775041
voc_emergence.start_time: 48.61164207825209
voc_emergence.contact_rate_multiplier: 0.9000000000000001
mobility.microdistancing.behaviour_adjuster.parameters.lower_asymptote: 0.19999999999999996
mobility.microdistancing.behaviour_adjuster.parameters.inflection_time: 58.0
