sojourn.compartment_periods_calculated.exposed.total_period: 0.5055423394951291
sojourn.compartment_periods_calculated.active.total_period: 0.2866731140211689
notifications_dispersion_param: 94.69591864145315
infection_deaths_dispersion_param: 4.9389413683080505
contact_rate: 0.0005339408621978948
infectious_seed: 78.65322848529848
testing_to_detection.assumed_cdr_parameter: 0.001630575346150979
infection_fatality.multiplier: 0.06610324713243892
clinical_stratification.props.symptomatic.multiplier: 0.4004541372559327
contact_tracing.assumed_trace_prop: 0.125
voc_emergence.alpha_beta.start_time: 1.7679470453501267
voc_emergence.alpha_beta.contact_rate_multiplier: 0.02827273579450984
voc_emergence.delta.start_time: 4.748100113813507
voc_emergence.delta.contact_rate_multiplier: 0.1415075686323144
