contact_rate: 0.07689019847878767
sojourns.latent.total_time: 14.92805083726854
sojourns.recovered: 255.57173105856202
testing_to_detection.assumed_cdr_parameter: 0.032499085215336544
voc_emergence.delta.contact_rate_multiplier: 2.0502624410103785
voc_emergence.delta.new_voc_seed.start_time: 411.1513588249815
voc_emergence.omicron.contact_rate_multiplier: 2.3522775375100484
voc_emergence.omicron.new_voc_seed.start_time: 591.4023918709155
voc_emergence.omicron.relative_active_period: 1.3902220748920429
voc_emergence.omicron.relative_latency: 0.5504258157441606