contact_rate: 0.13080940574615217
sojourns.latent.total_time: 3.326647385123255
testing_to_detection.assumed_cdr_parameter: 0.06639528892919122
voc_emergence.omicron.contact_rate_multiplier: 1.01118989885037966
voc_emergence.omicron.new_voc_seed.start_time: 650.9218759931034
voc_emergence.omicron.relative_active_period: 0.7917346805745384
voc_emergence.omicron.relative_latency: 0.20293087650116495
sojourns.active.total_time: 8.682094604520094
infectious_seed: 374.5847327154119
age_stratification.prop_hospital.multiplier: 0.31948070577719805