contact_rate: 0.16141694045746605
sojourns.latent.total_time: 2.7387215130781146
testing_to_detection.assumed_cdr_parameter: 0.11519710568147688
voc_emergence.omicron.contact_rate_multiplier: 1.2175029681040055
voc_emergence.omicron.new_voc_seed.start_time: 585.5285114590043
voc_emergence.omicron.relative_latency: 0.5966327212133966