contact_rate: 0.1619890430827244
sojourns.latent.total_time: 2.7854609360392146
testing_to_detection.assumed_cdr_parameter: 0.11067630334305553
voc_emergence.omicron.contact_rate_multiplier: 1.136621014302003