contact_rate: 0.07945736952450103
sojourns.latent.total_time: 14.761102209525674
sojourns.recovered: 259.2626635825284
testing_to_detection.assumed_cdr_parameter: 0.04249428841851896
voc_emergence.delta.contact_rate_multiplier: 3.1637413847818463
voc_emergence.delta.new_voc_seed.start_time: 451.22032444914936
voc_emergence.omicron.contact_rate_multiplier: 3.1948782020793556
voc_emergence.omicron.new_voc_seed.start_time: 563.681887655272
voc_emergence.omicron.relative_active_period: 0.959301297496113
voc_emergence.omicron.relative_latency: 0.5000466320270991