contact_rate: 0.0829153759716996
detect_prop: 0.0838119462983362
immunity_stratification.infection_risk_reduction.high: 0.7044689276229313
immunity_stratification.infection_risk_reduction.low: 0.5014152393824144
mobility.lockdown_1_mobility: 0.7692423638726259
mobility.lockdown_2_mobility: 0.9672315903479806
sojourns.latent.total_time: 17.90089260059743
sojourns.recovered: 339.48419695340766
voc_emergence.delta.contact_rate_multiplier: 2.0617973719447082
voc_emergence.delta.new_voc_seed.start_time: 403.23195426134515
voc_emergence.omicron.contact_rate_multiplier: 2.4910654227618525
voc_emergence.omicron.new_voc_seed.start_time: 593.0728962889484
voc_emergence.omicron.relative_active_period: 1.3370657144505769
voc_emergence.omicron.relative_latency: 0.5469061781696967