age_stratification.cfr.multiplier: 0.14134434486493624
contact_rate: 0.19181388388271434
infectious_seed: 282.1944049978686