contact_rate: 0.16183953311209012
sojourns.latent.total_time: 2.767437417630423
testing_to_detection.assumed_cdr_parameter: 0.11601726384208068
voc_emergence.omicron.contact_rate_multiplier: 1.3389049221698248
voc_emergence.omicron.new_voc_seed.start_time: 617.5026020268313