contact_rate: 0.13623645040438614
voc_emergence.omicron.contact_rate_multiplier: 1.1482115478856598
voc_emergence.omicron.new_voc_seed.start_time: 520.4208058674113