contact_rate: 0.110852901917791306
sojourns.latent.total_time: 15.8510318439430038
testing_to_detection.assumed_cdr_parameter: 0.12081945759593202
voc_emergence.omicron.contact_rate_multiplier: 1.32582965825532
voc_emergence.omicron.new_voc_seed.start_time: 550.5025300502404
voc_emergence.omicron.relative_active_period: 1.1188295745880978
voc_emergence.omicron.relative_latency: 0.4283464961342766
