contact_rate: 0.175992666511353407
sojourns.latent.total_time: 2.6253072488186184
testing_to_detection.assumed_cdr_parameter: 0.12456842401632973
voc_emergence.omicron.contact_rate_multiplier: 1.
