contact_rate: 0.2044727592573034
sojourns.latent.total_time: 19.933693987161718
sojourns.recovered: 203.57973112635443
testing_to_detection.assumed_cdr_parameter: 0.046920062911447284
voc_emergence.delta.contact_rate_multiplier: 1.1260484559808015
voc_emergence.delta.new_voc_seed.start_time: 361.8980703984005
voc_emergence.omicron.contact_rate_multiplier: 1.285020629325921
voc_emergence.omicron.new_voc_seed.start_time: 541.7344812845975
voc_emergence.omicron.relative_active_period: 0.60349959078297
voc_emergence.omicron.relative_latency: 0.45069622067557635