contact_rate: 0.07750798331530781
sojourns.latent.total_time: 14.060850541394148
sojourns.recovered: 259.4674741162802
testing_to_detection.assumed_cdr_parameter: 0.04075145070346959
voc_emergence.delta.contact_rate_multiplier: 3.3137071773559685
voc_emergence.delta.new_voc_seed.start_time: 455.4206534400261
voc_emergence.omicron.contact_rate_multiplier: 3.1075664042591336
voc_emergence.omicron.new_voc_seed.start_time: 569.2158800306661
voc_emergence.omicron.relative_active_period: 0.998760149470234
voc_emergence.omicron.relative_latency: 0.48846193147336336