contact_rate: 0.15448876625869043
infection_duration: 7.789265671525521
infectious_seed: 99.87083766796485
rp_coeff_1: 0.7999135547645141
rp_coeff_2: 0.18006507001891867
rp_noise_sd: 0.11550537744531233
#rp_value_0: -0.02572636176989951
rp_value_1: 0.030340903239811645
rp_value_10: -0.39626005571467293
rp_value_11: -0.236421400375751
rp_value_12: -0.2090718452399849
rp_value_2: -0.07130089933361394
rp_value_3: -0.20084421302303634
rp_value_4: -0.11972503337680629
rp_value_5: 0.01350138409790791
rp_value_6: 0.06003691356071217
rp_value_7: 0.1024568313819656
rp_value_8: -0.22158435339355487
rp_value_9: -0.35976455747948655
