contact_rate: 0.0132
sojourns.active.total_time: 7.789265671525521
infectious_seed: 99.87083766796485
random_process.coefficients(0): 0.7999135547645141
random_process.coefficients(1): 0.18006507001891867
random_process.noise_sd: 0.5
random_process.values(1): 0.030340903239811645
random_process.values(10): -0.39626005571467293
random_process.values(11): -0.236421400375751
random_process.values(12): -0.2090718452399849
random_process.values(2): -0.07130089933361394
random_process.values(3): -0.20084421302303634
random_process.values(4): -0.11972503337680629
random_process.values(5): 0.01350138409790791
random_process.values(6): 0.06003691356071217
random_process.values(7): 0.1024568313819656
random_process.values(8): -0.22158435339355487
random_process.values(9): -0.35976455747948655
