contact_rate: 0.13909935652808664
infection_duration: 8.03203247157427
infectious_seed: 99.3680644282089
rp_coeff_1: 0.814535887613548
rp_coeff_2: 0.20096800548595928
rp_noise_sd: 0.11070943752634776
rp_value_0: 0.12265414786550632
rp_value_1: 0.04275995080745654
rp_value_10: -0.22913763010011623
rp_value_11: -0.15289822501576156
rp_value_12: -0.15941114218413532
rp_value_2: 0.1072053717543473
rp_value_3: 0.03849297743080449
rp_value_4: 0.04383683632576618
rp_value_5: 0.0675165114993308
rp_value_6: -0.061535713421556615
rp_value_7: 0.10702812229686653
rp_value_8: -0.16901121227686455
rp_value_9: -0.20918471662757954
