age_stratification.cfr.multiplier: 0.015488442042123619
contact_rate: 0.08696409076121259
infectious_seed: 4865.777654733374
sojourns.latent.total_time: 11.886788095312637
testing_to_detection.assumed_cdr_parameter: 0.09933564153873006
voc_emergence.omicron.contact_rate_multiplier: 0.9539238766882652
voc_emergence.omicron.new_voc_seed.start_time: 655.6215220256431