contact_rate: 0.25146018317359688
sojourns.latent.total_time: 10.274439583131274
testing_to_detection.assumed_cdr_parameter: 0.05191887320322571
voc_emergence.omicron.contact_rate_multiplier: .85047034557515576
voc_emergence.omicron.new_voc_seed.start_time: 710.7652157816818

