sojourn.compartment_periods_calculated.exposed.total_period: 0.12976817405554364
sojourn.compartment_periods_calculated.active.total_period: 0.3484419758848025
infectious_seed: 0.7703588214762478
contact_rate: 0.002286245082429181
clinical_stratification.icu_prop: 0.012670526530921197
clinical_stratification.props.hospital.multiplier: 0.024620396136739497
infection_fatality.multiplier: 0.0767808675576257
testing_to_detection.assumed_cdr_parameter: 0.0003471647427450408
mobility.microdistancing.behaviour.parameters.max_effect: 0.009251090541533308