age_stratification.prop_hospital.multiplier: 0.762591189900651
age_stratification.prop_hospital.source_immunity_protection.high: 0.9244593118760953
age_stratification.prop_hospital.source_immunity_protection.low: 0.5865587129415153
contact_rate: 0.13425757649865025
hospital_stay.hospital_all.parameters.mean: 3.412343123992608
hospital_stay.icu.parameters.mean: 4.091222499125611
immunity_stratification.infection_risk_reduction.high: 0.4482497296237529
immunity_stratification.infection_risk_reduction.low: 0.1515016684830748
infectious_seed: 343.1154121328551
prop_icu_among_hospitalised: 0.11267437076115117
sojourns.active.total_time: 4.675289064234894
detect_prop: .1
time_from_onset_to_event.hospitalisation.parameters.mean: 6.724758952818325