infectious_seed: 24.32371453240839
contact_rate: 0.0006616854926123628
age_stratification.prop_hospital.multiplier: 0.2704059201249085
mobility.microdistancing.behavior.parameters.max_effect: 0.031598929037446356
prop_icu_among_hospitalised: 0.004148232940601794
voc_emergence.omicron.new_voc_seed.start_time: 20.39507811062242
voc_emergence.omicron.contact_rate_multiplier: 0.3121217958057769
voc_emergence.omicron.icu_multiplier: 0.7052145467172148
voc_emergence.omicron.relative_active_period: 0.4568837274697367
voc_emergence.omicron.relative_latency: 0.5
sojourns.active.total_time: 0.02871515585107076
sojourns.latent.total_time: 0.07187965033719634
