infectious_seed: 21.943428491971275
contact_rate: 0.0005458747993617868
age_stratification.prop_hospital.multiplier: 0.07845363679914141
mobility.microdistancing.behavior.parameters.max_effect: 0.0622905332537023
prop_icu_among_hospitalised: 0.002401005400871955
voc_emergence.delta.icu_multiplier: 0.09708771485219014
voc_emergence.omicron.new_voc_seed.start_time: 13.47165957506138
voc_emergence.omicron.contact_rate_multiplier: 0.23297663680095193
voc_emergence.omicron.icu_multiplier: 0.39999999999999997
voc_emergence.omicron.relative_active_period: 0.08856770084089283
voc_emergence.omicron.relative_latency: 0.19426131666384006
sojourns.active.total_time: 0.06269037013599377
sojourns.latent.total_time: 0.04264473922389245
