age_stratification.cfr.multiplier: 0.08294063854100386
infectious_seed: 192.63843661576811
contact_rate: 0.0013180195252975174
