infectious_seed: 179.55941447714235
contact_rate: 0.0011679686850019286
voc_emergence.omicron.contact_rate_multiplier: 3.6501265696990846
voc_emergence.omicron.icu_multiplier: 0.65
voc_emergence.omicron.relative_active_period: 1.5
voc_emergence.omicron.relative_latency: 0.29
voc_emergence.wild_type.icu_multiplier: 0.15516083475094633
voc_emergence.wild_type.relative_active_period: 0.6166863442067414
voc_emergence.wild_type.relative_latency: 0.08528516164338967
sojourns.active.total_time: 2.1083673814897637
sojourns.latent.total_time: 0.8399803485589687
