infectious_seed: 45.899982021800895
contact_rate: 0.0034567539377066137
age_stratification.prop_hospital.multiplier: 0.14394199939360697
mobility.microdistancing.behavior.parameters.max_effect: 0.03913536994460754
prop_icu_among_hospitalised: 0.004500149125839686
voc_emergence.omicron.new_voc_seed.start_time: 22.757699485635726
voc_emergence.omicron.contact_rate_multiplier: 0.5160027131919386
voc_emergence.omicron.icu_multiplier: 0.39999999999999997
voc_emergence.omicron.relative_active_period: 0.2665723277760132
voc_emergence.omicron.relative_latency: 0.6000000000000001
sojourns.active.total_time: 0.2741727866143764
sojourns.latent.total_time: 0.08535668778369176
