infectious_seed: 68.65993030300857
contact_rate: 0.0002414917411262818
age_stratification.prop_hospital.multiplier: 0.12147315013370841
mobility.microdistancing.behavior.parameters.max_effect: 0.03291224493790611
prop_icu_among_hospitalised: 0.0022223880704595814
sojourns.active.total_time: 0.024689152580755103
sojourns.latent.total_time: 0.024122199962079094