infectious_seed: 11.023794491739139
contact_rate: 0.009505036779160814
testing_to_detection.assumed_tests_parameter: 0.0008746218061284027
sojourns.latent.total_time: 0.1312279782793906
immunity_stratification.prop_immune: 0.00963419709102814
prop_icu_among_hospitalised: 0.011438929083616212
voc_emergence.omicron.relative_latency: 0.3
sojourns.active.proportion_early: 0.012706276343559753
sojourns.latent.proportion_early: 0.25
