infectious_seed: 92.08123068721079
contact_rate: 0.006357724449398791
