infectious_seed: 657.8408642582821
contact_rate: 0.002680950476705482
voc_emergence.omicron.contact_rate_multiplier: 3.0
voc_emergence.omicron.icu_multiplier: 0.4
voc_emergence.omicron.relative_active_period: 1.0
voc_emergence.omicron.relative_latency: 0.199
voc_emergence.wild_type.icu_multiplier: 0.1038018746988193
voc_emergence.wild_type.relative_latency: 0.05142049934824322
sojourns.active.total_time: 1.0968141023060745
sojourns.latent.total_time: 0.39617058623195334
