infectious_seed: 7.204802182242521
contact_rate: 0.006103862962395956
testing_to_detection.assumed_tests_parameter: 0.001519225231351954
immunity_stratification.prop_immune: 0.009448254204845241
age_stratification.cfr.multiplier: 0.10079316580112219
prop_icu_among_hospitalised: 0.008947919605995142
voc_emergence.omicron.new_voc_seed.start_time: 3.3572184225239994
voc_emergence.omicron.relative_latency: 0.11439750516657804
sojourns.active.proportion_early: 0.010612289297301986
sojourns.latent.proportion_early: 0.07145065737337272
