infectious_seed: 11.557429333145691
contact_rate: 0.007325141350966458
testing_to_detection.assumed_tests_parameter: 0.0009134341065929925
immunity_stratification.prop_immune: 0.009360693772723083
prop_icu_among_hospitalised: 0.010404184865336286
voc_emergence.omicron.new_voc_seed.start_time: 3.5444253659255764
voc_emergence.omicron.relative_latency: 0.15501508394612368
sojourns.active.proportion_early: 0.01194900470538729
sojourns.latent.proportion_early: 0.015096742578076972
