infectious_seed: 10.79797186491787
contact_rate: 0.00028643131761783847
age_stratification.prop_hospital.multiplier: 0.274977806704497
mobility.microdistancing.behavior.parameters.max_effect: 0.021722063032897185
prop_icu_among_hospitalised: 0.005334331817276211
voc_emergence.omicron.new_voc_seed.start_time: 5.026315718391402
voc_emergence.omicron.contact_rate_multiplier: 0.6412047189738534
voc_emergence.omicron.icu_multiplier: 0.41224745920312666
voc_emergence.omicron.relative_active_period: 0.06550848892841982
voc_emergence.omicron.relative_latency: 0.17001295182719306
sojourns.active.total_time: 0.02685829680275509
sojourns.latent.total_time: 0.09755477576447835
