infectious_seed: 30.204245471363592
contact_rate: 0.0010324051438101861
age_stratification.prop_hospital.multiplier: 0.26187908551369743
mobility.microdistancing.behavior.parameters.max_effect: 0.03802368248181205
prop_icu_among_hospitalised: 0.0052542638807918825
voc_emergence.omicron.new_voc_seed.start_time: 22.620463239740957
voc_emergence.omicron.contact_rate_multiplier: 1.6484549920370726
voc_emergence.omicron.icu_multiplier: 0.3
voc_emergence.omicron.relative_active_period: 0.13743501489441878
voc_emergence.omicron.relative_latency: 0.5
sojourns.active.total_time: 0.029695338548550332
sojourns.latent.total_time: 0.14182615059760217
