infectious_seed: 106.93773004611586
contact_rate: 0.001003997279394847
age_stratification.prop_hospital.multiplier: 0.05093127393372032
mobility.microdistancing.behavior.parameters.max_effect: 0.03932391566516479
prop_icu_among_hospitalised: 0.003715986771570822
voc_emergence.delta.icu_multiplier: 0.029175674386174966
voc_emergence.omicron.new_voc_seed.start_time: 25.64279440100256
voc_emergence.omicron.contact_rate_multiplier: 1.1278817368711942
voc_emergence.omicron.icu_multiplier: 0.39999999999999997
voc_emergence.omicron.relative_active_period: 0.4551689786859621
voc_emergence.omicron.relative_latency: 0.6000000000000001
sojourns.active.total_time: 0.11819178522462348
sojourns.latent.total_time: 0.05388218767080888
