infectious_seed: 10.372084168666618
contact_rate: 0.0003081512103733641
age_stratification.prop_hospital.multiplier: 0.2670558898493569
mobility.microdistancing.behavior.parameters.max_effect: 0.035494798145886464
prop_icu_among_hospitalised: 0.005619550208814432
voc_emergence.omicron.new_voc_seed.start_time: 6.845340886559825
voc_emergence.omicron.contact_rate_multiplier: 0.6889271172616187
voc_emergence.omicron.icu_multiplier: 0.5284759317835976
voc_emergence.omicron.relative_active_period: 0.5
voc_emergence.omicron.relative_latency: 0.5
sojourns.active.total_time: 0.03120477819333045
sojourns.latent.total_time: 0.2902554330845175
