infectious_seed: 105.1100731165102
contact_rate: 0.0009398574058848697
age_stratification.prop_hospital.multiplier: 0.15641139583895258
mobility.microdistancing.behavior.parameters.max_effect: 0.009270950076262774
prop_icu_among_hospitalised: 0.009628135471535598
sojourns.active.total_time: 0.01464013578862211
sojourns.latent.total_time: 0.12310580130050042
