infectious_seed: 29.008588723986463
contact_rate: 0.0012577525971013553
age_stratification.prop_hospital.multiplier: 0.23124251334780688
mobility.microdistancing.behavior.parameters.max_effect: 0.039502319919566584
prop_icu_among_hospitalised: 0.004991457811442442
voc_emergence.omicron.new_voc_seed.start_time: 6.060153903609148
voc_emergence.omicron.contact_rate_multiplier: 0.34151321702181514
voc_emergence.omicron.icu_multiplier: 0.4041818592972378
voc_emergence.omicron.relative_active_period: 0.042717212927628534
voc_emergence.omicron.relative_latency: 0.2942659504149604
sojourns.active.total_time: 0.029807064461496058
sojourns.latent.total_time: 0.21528623092176868
