infectious_seed: 33.458935126925724
contact_rate: 0.00038633506174212684
age_stratification.prop_hospital.multiplier: 0.20250678323849836
mobility.microdistancing.behavior.parameters.max_effect: 0.03490155874682987
prop_icu_among_hospitalised: 0.002583458684106062
voc_emergence.omicron.new_voc_seed.start_time: 19.820416125793827
voc_emergence.omicron.contact_rate_multiplier: 0.5748787988161255
voc_emergence.omicron.icu_multiplier: 0.39999999999999997
voc_emergence.omicron.relative_active_period: 0.14409919763061385
voc_emergence.omicron.relative_latency: 0.5
sojourns.active.total_time: 0.03077477563755071
sojourns.latent.total_time: 0.10494332602073508
