infectious_seed: 12.925748253502409
contact_rate: 0.008925399134131706
testing_to_detection.assumed_tests_parameter: 0.000698101092262645
testing_to_detection.assumed_cdr_parameter: 0.002383155926244017
sojourns.latent.total_time: 0.12233773452401664
immunity_stratification.prop_immune: 0.004651628690482523
immunity_stratification.prop_high_among_immune: 0.09208840324893419
age_stratification.cfr.multiplier: 0.05583094039454589
prop_icu_among_hospitalised: 0.00654532852887469