infectious_seed: 1170.268771933455
contact_rate: 0.0021717973377187796
voc_emergence.omicron.contact_rate_multiplier: 2.986440692755671
voc_emergence.omicron.icu_multiplier: 0.45
voc_emergence.omicron.relative_active_period: 1.2999999999999998
voc_emergence.omicron.relative_latency: 0.199
voc_emergence.wild_type.icu_multiplier: 0.10981050226933131
voc_emergence.wild_type.relative_active_period: 0.22835747702059184
voc_emergence.wild_type.relative_latency: 0.03612031255564435
sojourns.active.total_time: 0.5583544460454828
sojourns.latent.total_time: 0.2953313094237231
