infectious_seed: 5.8604834648915585
contact_rate: 0.0003983739293958871
testing_to_detection.assumed_tests_parameter: 0.00019684467755737983
testing_to_detection.assumed_cdr_parameter: 0.0005997643594004287
age_stratification.cfr.multiplier: 0.0013449787647278333
