infectious_seed: 74.2252705628901
contact_rate: 0.0009796944510559596
age_stratification.prop_hospital.multiplier: 0.16101305849963565
mobility.microdistancing.behavior.parameters.max_effect: 0.046860813904772786
prop_icu_among_hospitalised: 0.004365397846428731
voc_emergence.omicron.new_voc_seed.start_time: 20.14248608523343
voc_emergence.omicron.contact_rate_multiplier: 0.6627102306059841
voc_emergence.omicron.icu_multiplier: 0.39999999999999997
voc_emergence.omicron.relative_active_period: 0.5
voc_emergence.omicron.relative_latency: 0.5
sojourns.active.total_time: 0.20543934613858994
sojourns.latent.total_time: 0.04128846231642869
