infectious_seed: 6.283407374092857
contact_rate: 0.009174746777156961
testing_to_detection.assumed_tests_parameter: 0.0009363224534009555
immunity_stratification.prop_immune: 0.007260321227698041
immunity_stratification.prop_high_among_immune: 0.006482016852153327
age_stratification.cfr.multiplier: 0.10683122086469521
prop_icu_among_hospitalised: 0.008764027058196476
voc_emergence.omicron.new_voc_seed.start_time: 3.435023338056453
voc_emergence.omicron.relative_latency: 0.09882637973304143
sojourns.active.proportion_early: 0.009197730460766496
sojourns.latent.proportion_early: 0.04252319857280484