infectious_seed: 512.8308184336154
contact_rate: 0.0047360549925903675
voc_emergence.omicron.contact_rate_multiplier: 2.6126445273416006
voc_emergence.omicron.icu_multiplier: 0.4
voc_emergence.omicron.relative_active_period: 1.0
voc_emergence.omicron.relative_latency: 0.39
voc_emergence.wild_type.relative_active_period: 0.17986111596383392
voc_emergence.wild_type.relative_latency: 0.14949959403778534
sojourns.active.total_time: 0.5990948694001283
sojourns.latent.total_time: 0.47446476555891404
