infectious_seed: 145.30229127629457
contact_rate: 0.0018114657034969117
