contact_rate: 0.005839706530409994
infectious_seed: 12.746987371734143
testing_to_detection.assumed_tests_parameter: 0.0007537762058015263
testing_to_detection.assumed_cdr_parameter: 0.0024634624511801935
sojourns.latent.total_time: 0.11975520928986705
immunity_stratification.prop_immune: 0.0042616932392424145
immunity_stratification.prop_high_among_immune: 0.09865915975903705
age_stratification.cfr.multiplier: 0.05615199924899167