infectious_seed: 41.28628804486186
contact_rate: 0.0007571864534134248
age_stratification.prop_hospital.multiplier: 0.17490206013579146
mobility.microdistancing.behavior.parameters.max_effect: 0.049253133247619534
prop_icu_among_hospitalised: 0.0036581438852934245
voc_emergence.delta.icu_multiplier: 0.0977077169188445
voc_emergence.omicron.new_voc_seed.start_time: 23.722847036565213
voc_emergence.omicron.contact_rate_multiplier: 0.41398981988317873
voc_emergence.omicron.icu_multiplier: 0.39999999999999997
voc_emergence.omicron.relative_active_period: 0.04494219990346843
voc_emergence.omicron.relative_latency: 0.5
sojourns.active.total_time: 0.6503639885146102
sojourns.latent.total_time: 0.12241155868741171
