infectious_seed: 15.620818795201089
contact_rate: 0.0010315257697985775
age_stratification.prop_hospital.multiplier: 0.027922988052098585
mobility.microdistancing.behavior.parameters.max_effect: 0.02042709696803585
prop_icu_among_hospitalised: 0.00263943915232495
voc_emergence.delta.icu_multiplier: 0.09987556706949541
voc_emergence.omicron.new_voc_seed.start_time: 24.384056781852905
voc_emergence.omicron.contact_rate_multiplier: 0.38655037564833283
voc_emergence.omicron.icu_multiplier: 0.39999999999999997
voc_emergence.omicron.relative_active_period: 0.16358188986568
voc_emergence.omicron.relative_latency: 0.46004479839099016
sojourns.active.total_time: 0.045552177539704086
sojourns.latent.total_time: 0.19539395918008684
