infectious_seed: 11.509899370715168
contact_rate: 0.004421021786825408
testing_to_detection.assumed_tests_parameter: 0.001780212732166107
immunity_stratification.prop_immune: 0.008994285883667519
prop_icu_among_hospitalised: 0.01046684817734471
sojourns.active.proportion_early: 0.007637482548963764
sojourns.latent.proportion_early: 0.5
