infectious_seed: 10.8492759686443
contact_rate: 0.009281529151345724
testing_to_detection.assumed_tests_parameter: 0.0012551930099826032
immunity_stratification.prop_immune: 0.0095603902957771
prop_icu_among_hospitalised: 0.010444548786185177
sojourns.active.proportion_early: 0.011437177221038347
sojourns.latent.proportion_early: 0.25
