clinical_stratification.props.symptomatic.multiplier: 0.14761206142663885
contact_rate: 0.026260684152591408
contact_tracing.assumed_trace_prop: 0.9463922244650043
infection_deaths_dispersion_param: 17.03487765750546
infection_fatality.multiplier: 0.17252939511741897
infectious_seed: 305.2556613503778
notifications_dispersion_param: 448.461542671143
sojourn.compartment_periods_calculated.active.total_period: 6.982332051231876
sojourn.compartment_periods_calculated.exposed.total_period: 4.723922801549856
testing_to_detection.assumed_cdr_parameter: 0.001061783395018143
voc_emergence.alpha_beta.contact_rate_multiplier: 3.618532775793165
voc_emergence.alpha_beta.start_time: 404.50835725263255
voc_emergence.delta.contact_rate_multiplier: 9.799706769615102
voc_emergence.delta.start_time: 503.0106553104789