contact_rate: 0.04538306546501184
history.waned.ve_death: 0.9941858788738192
infection_fatality.multiplier: 0.184248561657048578
infectious_seed: 444.3641313897292
testing_to_detection.assumed_cdr_parameter: 0.01753798907366174
voc_emergence.alpha_beta.contact_rate_multiplier: 2.812470712290112
voc_emergence.alpha_beta.start_time: 417.8668634553976
voc_emergence.delta.contact_rate_multiplier: 7.644754377570403
voc_emergence.delta.ifr_multiplier: 3.933515869507874
voc_emergence.delta.start_time: 517.1530407016103