contact_rate: 0.026260844935849428
infection_deaths_dispersion_param: 23.90055469344547
infection_fatality.multiplier: 0.10861863728549173
infectious_seed: 374.00834519814475
notifications_dispersion_param: 454.0040767648777
testing_to_detection.assumed_cdr_parameter: 0.012934641899723232
voc_emergence.alpha_beta.contact_rate_multiplier: 3.602331689243718
voc_emergence.alpha_beta.start_time: 385.24290569566557
voc_emergence.delta.contact_rate_multiplier: 10.31016341060054
voc_emergence.delta.start_time: 507.71181510096534