contact_rate: 0.02075892833656654
contact_tracing.assumed_trace_prop: 0.7789283298994181
infection_deaths_dispersion_param: 10.976831585543863
infection_fatality.multiplier: 1.3098858036237313
infectious_seed: 320.716135187434
notifications_dispersion_param: 407.52020170110654
sojourn.compartment_periods_calculated.active.total_period: 8.243905876504137
sojourn.compartment_periods_calculated.exposed.total_period: 5.869186118483153
testing_to_detection.assumed_cdr_parameter: 0.07596454204037273
voc_emergence.alpha_beta.contact_rate_multiplier: 2.708221372564048
voc_emergence.alpha_beta.start_time: 408.66264938752863
voc_emergence.delta.contact_rate_multiplier: 4.086920565880655
voc_emergence.delta.start_time: 464.8833641858652