clinical_stratification.props.symptomatic.multiplier: 0.31544372967777135
contact_rate: 0.049338309216055943
contact_tracing.assumed_trace_prop: 0.8006721458358242
infection_fatality.multiplier: 0.061309672340569198
infectious_seed: 478.8038703301094
sojourn.compartment_periods_calculated.active.total_period: 5.2235319360231145
sojourn.compartment_periods_calculated.exposed.total_period: 3.4346945771746684
testing_to_detection.assumed_cdr_parameter: 0.0037980939545801586
voc_emergence.alpha_beta.contact_rate_multiplier: 3.681468970444027
voc_emergence.alpha_beta.start_time: 422.2209530674854
voc_emergence.delta.contact_rate_multiplier: 5.59269112322554
voc_emergence.delta.start_time: 530.2230110239217