clinical_stratification.props.symptomatic.multiplier: 0.5312442157285959
contact_rate: 0.04784462973181844
contact_tracing.assumed_trace_prop: 0.7549018038263513
history.natural_immunity_duration: 440.2218824589342
hospital_reporting: 0.3569625178976885
infection_fatality.multiplier: 0.2910679540937908
infectious_seed: 484.2990172085693
sojourn.compartment_periods_calculated.active.total_period: 6.758751070152059
sojourn.compartment_periods_calculated.exposed.total_period: 4.907435138187557
testing_to_detection.assumed_cdr_parameter: 0.007625022785801916
voc_emergence.alpha_beta.contact_rate_multiplier: 2.951006955209305
voc_emergence.alpha_beta.start_time: 422.1597585331735
voc_emergence.delta.contact_rate_multiplier: 8.14349952385575
voc_emergence.delta.start_time: 527.8686993996527