clinical_stratification.props.symptomatic.multiplier: 0.4193227840019749
contact_rate: 0.03534364825863043
contact_tracing.assumed_trace_prop: 0.8184754279436678
history.natural_immunity_duration: 447.0954131304087
hospital_reporting: 0.5483969668490851
infection_fatality.multiplier: 1.81802607356869552
infectious_seed: 479.53196521769854
sojourn.compartment_periods_calculated.active.total_period: 5.9522520253824425
sojourn.compartment_periods_calculated.exposed.total_period: 3.7640820585583645
testing_to_detection.assumed_cdr_parameter: 0.006357671486043637
voc_emergence.alpha_beta.contact_rate_multiplier: 3.28597515169916226
voc_emergence.alpha_beta.start_time: 426.23332386129175
voc_emergence.delta.contact_rate_multiplier: 7.55743920312729
voc_emergence.delta.start_time: 519.306392955354