clinical_stratification.props.symptomatic.multiplier: 0.5883092115022985
contact_rate: 0.03177918209556805
contact_tracing.assumed_trace_prop: 0.8513878271312907
history.natural_immunity_duration: 438.8162388699335
hospital_reporting: 0.4991583713913297
infection_fatality.multiplier: 1.8283426223613413
infectious_seed: 471.75868361709695
sojourn.compartment_periods_calculated.active.total_period: 5.176509391229449
sojourn.compartment_periods_calculated.exposed.total_period: 4.607752455924329
testing_to_detection.assumed_cdr_parameter: 0.006509869698989986
voc_emergence.alpha_beta.contact_rate_multiplier: 2.875179054444858
voc_emergence.alpha_beta.start_time: 417.1585601672162
voc_emergence.delta.contact_rate_multiplier: 5.995019186603609
voc_emergence.delta.start_time: 527.2203116803021