clinical_stratification.props.symptomatic.multiplier: 2.41032469142696965
contact_rate: 0.025868436475120903
contact_tracing.assumed_trace_prop: 0.16009831783593444
infection_deaths_dispersion_param: 23.177207247533833
infection_fatality.multiplier: 0.7247109594568844
infectious_seed: 200.5370178525777
notifications_dispersion_param: 505.7222431179176
sojourn.compartment_periods_calculated.active.total_period: 5.778342145208679
sojourn.compartment_periods_calculated.exposed.total_period: 5.270264689649988
testing_to_detection.assumed_cdr_parameter: 0.008147805516287801
voc_emergence.alpha_beta.contact_rate_multiplier: 3.1265051773314925
voc_emergence.alpha_beta.start_time: 400.1837178870152
voc_emergence.delta.contact_rate_multiplier: 5.8232156021841247258
voc_emergence.delta.start_time: 500.4873424699687