clinical_stratification.props.symptomatic.multiplier: 2.352659516515533
contact_rate: 0.022587692432667596
contact_tracing.assumed_trace_prop: 0.8452854723916605
infection_deaths_dispersion_param: 24.87741853775462
infection_fatality.multiplier: 0.5219028223440559
infectious_seed: 267.5809731341646
notifications_dispersion_param: 421.70327616637724
sojourn.compartment_periods_calculated.active.total_period: 6.201213460289269
sojourn.compartment_periods_calculated.exposed.total_period: 6.203755889722874
testing_to_detection.assumed_cdr_parameter: 0.008461209455325058
voc_emergence.alpha_beta.contact_rate_multiplier: 2.996071404866183
voc_emergence.alpha_beta.start_time: 413.14785359769377
voc_emergence.delta.contact_rate_multiplier: 5.0266116830635115
voc_emergence.delta.start_time: 517.6414835247937