clinical_stratification.props.symptomatic.multiplier: 0.24100908617621883
contact_rate: 0.02520805713288552
contact_tracing.assumed_trace_prop: 0.8766694620774969
infection_deaths_dispersion_param: 18.471934710039896
infection_fatality.multiplier: 0.17252939511741897
infectious_seed: 262.8507938145756
notifications_dispersion_param: 534.8594599668983
sojourn.compartment_periods_calculated.active.total_period: 6.09723410920777
sojourn.compartment_periods_calculated.exposed.total_period: 5.4033019594407135
testing_to_detection.assumed_cdr_parameter: 0.0013043324565616236
voc_emergence.alpha_beta.contact_rate_multiplier: 3.6078455882015654
voc_emergence.alpha_beta.start_time: 407.52889416173457
voc_emergence.delta.contact_rate_multiplier: 8.266258369553194
voc_emergence.delta.start_time: 505.82801214761787