contact_rate: 0.019769851525541237
contact_tracing.assumed_trace_prop: 0.5695972918461834
infection_deaths_dispersion_param: 24.783718066089175
infection_fatality.multiplier: 2.773287055332741
infectious_seed: 290.6259830122692
notifications_dispersion_param: 547.6592960460255
sojourn.compartment_periods_calculated.active.total_period: 5.771622614637314
sojourn.compartment_periods_calculated.exposed.total_period: 6.333116880586349
testing_to_detection.assumed_cdr_parameter: 0.0515532600756562
voc_emergence.alpha_beta.contact_rate_multiplier: 2.5740753369221543
voc_emergence.alpha_beta.start_time: 410.76790333690093
voc_emergence.delta.contact_rate_multiplier: 3.5231767943370076
voc_emergence.delta.start_time: 438.81540828993826