contact_rate: 0.039463000936873854
contact_tracing.assumed_trace_prop: 0.7483482756629091
infection_fatality.multiplier: 0.5055128810272267
infectious_seed: 526.536400802141
sojourn.compartment_periods_calculated.active.total_period: 4.450413926118311
sojourn.compartment_periods_calculated.exposed.total_period: 2.536328825871961
testing_to_detection.assumed_cdr_parameter: 0.0026869512028863908
voc_emergence.alpha_beta.contact_rate_multiplier: 2.4717343415317474
voc_emergence.alpha_beta.start_time: 431.91194961391983
voc_emergence.delta.contact_rate_multiplier: 4.131159975206598
voc_emergence.delta.start_time: 537.8319811739784