contact_rate: 0.02007989333576629
contact_tracing.assumed_trace_prop: 0.5813895274347406
infection_deaths_dispersion_param: 26.719866655344013
infection_fatality.multiplier: 2.512486121902527
infectious_seed: 258.27877057857626
notifications_dispersion_param: 508.4115561049026
sojourn.compartment_periods_calculated.active.total_period: 6.356608220189337
sojourn.compartment_periods_calculated.exposed.total_period: 5.574987274832219
testing_to_detection.assumed_cdr_parameter: 0.005630801636904785
voc_emergence.alpha_beta.contact_rate_multiplier: 2.973024579093578
voc_emergence.alpha_beta.start_time: 423.2115157737352
voc_emergence.delta.contact_rate_multiplier: 3.7494323201252673
voc_emergence.delta.start_time: 455.8152158913858