contact_rate: 0.02009581415949774
contact_tracing.assumed_trace_prop: 0.740274234249143
infection_deaths_dispersion_param: 23.942679236310813
infection_fatality.multiplier: 2.4089786902112
infectious_seed: 277.30683942948934
notifications_dispersion_param: 550.6665292689888
sojourn.compartment_periods_calculated.active.total_period: 6.076388916983098
sojourn.compartment_periods_calculated.exposed.total_period: 5.989564909239702
testing_to_detection.assumed_cdr_parameter: 0.04932693062646976
voc_emergence.alpha_beta.contact_rate_multiplier: 2.714643017666379
voc_emergence.alpha_beta.start_time: 414.0515770115097
voc_emergence.delta.contact_rate_multiplier: 3.65737596516809
voc_emergence.delta.start_time: 446.14244982180537