contact_rate: 0.046194073265121564
infection_fatality.multiplier: 0.151126846453298925
infectious_seed: 429.88742092953606
testing_to_detection.assumed_cdr_parameter: 0.01821748570516198
voc_emergence.alpha_beta.contact_rate_multiplier: 2.9062575817528022
voc_emergence.alpha_beta.start_time: 416.3425486815822
voc_emergence.delta.contact_rate_multiplier: 8.8072064791005129
voc_emergence.delta.start_time: 522.45422319821273
voc_emergence.delta.ifr_multiplier: 3.75
history.waned.ve_death: 0.975