clinical_stratification.props.symptomatic.multiplier: 0.4521695568947536276
contact_rate: 0.04074444627176144
contact_tracing.assumed_trace_prop: 0.8158419046743381
infection_fatality.multiplier: 0.2513008259085914
infectious_seed: 467.63955022090994
sojourn.compartment_periods_calculated.active.total_period: 5.682524317771808
sojourn.compartment_periods_calculated.exposed.total_period: 5.110625586618193
testing_to_detection.assumed_cdr_parameter: 0.0016196478486687144
voc_emergence.alpha_beta.contact_rate_multiplier: 2.8488064552476283
voc_emergence.alpha_beta.start_time: 413.1391706077552
voc_emergence.delta.contact_rate_multiplier: 8.852991623470738
voc_emergence.delta.start_time: 550.989384350998