clinical_stratification.props.symptomatic.multiplier: 0.9397088101280938
contact_rate: 0.024193648665775894
contact_tracing.assumed_trace_prop: 0.9063386051088669
infection_deaths_dispersion_param: 22.541810204657487
infection_fatality.multiplier: 0.09613495469044389
infectious_seed: 293.0097612292514
notifications_dispersion_param: 445.8083845677446
sojourn.compartment_periods_calculated.active.total_period: 5.771553629788109
sojourn.compartment_periods_calculated.exposed.total_period: 4.411347607135348
testing_to_detection.assumed_cdr_parameter: 0.0028950185579714976
voc_emergence.alpha_beta.contact_rate_multiplier: 3.255362479560939
voc_emergence.alpha_beta.start_time: 412.32636031396873
voc_emergence.delta.contact_rate_multiplier: 7.360989008858002
voc_emergence.delta.start_time: 517.8074788714302