clinical_stratification.props.symptomatic.multiplier: 1.1203011173820685
contact_rate: 0.02394194499848208
contact_tracing.assumed_trace_prop: 0.883369681099365
infection_deaths_dispersion_param: 19.741102126381637
infection_fatality.multiplier: 0.0885605430762274
infectious_seed: 316.21496809200596
notifications_dispersion_param: 431.8034971990428
sojourn.compartment_periods_calculated.active.total_period: 6.836895900423118
sojourn.compartment_periods_calculated.exposed.total_period: 4.255394553480299
testing_to_detection.assumed_cdr_parameter: 0.0023394831460352627
voc_emergence.alpha_beta.contact_rate_multiplier: 3.188136654963044
voc_emergence.alpha_beta.start_time: 417.5999535990874
voc_emergence.delta.contact_rate_multiplier: 6.9117840885894255
voc_emergence.delta.start_time: 518.6958585359413