clinical_stratification.props.symptomatic.multiplier: 0.9034476226331627
contact_rate: 0.024262609213966436
contact_tracing.assumed_trace_prop: 0.913125359484028
infection_deaths_dispersion_param: 24.973060613548874
infection_fatality.multiplier: 0.10171432356906444
infectious_seed: 291.4981436675314
notifications_dispersion_param: 505.3876664816137
sojourn.compartment_periods_calculated.active.total_period: 7.1435423739717265
sojourn.compartment_periods_calculated.exposed.total_period: 3.7288381246946543
testing_to_detection.assumed_cdr_parameter: 0.002002456081134911
voc_emergence.alpha_beta.contact_rate_multiplier: 3.2799855633650616
voc_emergence.alpha_beta.start_time: 423.0806638770484
voc_emergence.delta.contact_rate_multiplier: 6.973614880164868
voc_emergence.delta.start_time: 519.5170065430195