contact_rate: 0.019921360623358225
contact_tracing.assumed_trace_prop: 0.6938069620106841
infection_deaths_dispersion_param: 16.895264487199363
infection_fatality.multiplier: 2.1707448776443816
infectious_seed: 260.5597548164992
notifications_dispersion_param: 491.1642204774581
sojourn.compartment_periods_calculated.active.total_period: 5.021845644354333
sojourn.compartment_periods_calculated.exposed.total_period: 4.198771140589299
testing_to_detection.assumed_cdr_parameter: 0.009541529576475822
voc_emergence.alpha_beta.contact_rate_multiplier: 2.9932722915166083
voc_emergence.alpha_beta.start_time: 426.3987225464803
voc_emergence.delta.contact_rate_multiplier: 3.874584930241231
voc_emergence.delta.start_time: 448.74535232674293