contact_rate: 0.01928406077569505
contact_tracing.assumed_trace_prop: 0.7909883709361183
infection_deaths_dispersion_param: 24.546736820063202
infection_fatality.multiplier: 2.5225393684466426
infectious_seed: 231.04288065730432
notifications_dispersion_param: 453.88512931234686
sojourn.compartment_periods_calculated.active.total_period: 7.205408608645788
sojourn.compartment_periods_calculated.exposed.total_period: 4.997297480408008
testing_to_detection.assumed_cdr_parameter: 0.047166783001781294
voc_emergence.alpha_beta.contact_rate_multiplier: 2.784565957730757
voc_emergence.alpha_beta.start_time: 422.4333630502827
voc_emergence.delta.contact_rate_multiplier: 3.4749454673051887
voc_emergence.delta.start_time: 443.83151486603685