clinical_stratification.props.symptomatic.multiplier: 2.30443004600233
contact_rate: 0.02281592571308901
contact_tracing.assumed_trace_prop: 0.8734435126827242
infection_deaths_dispersion_param: 24.798025581188526
infection_fatality.multiplier: 0.5170944995402343
infectious_seed: 306.1300083549591
notifications_dispersion_param: 525.0847348614848
sojourn.compartment_periods_calculated.active.total_period: 6.512228384459377
sojourn.compartment_periods_calculated.exposed.total_period: 5.451505504659326
testing_to_detection.assumed_cdr_parameter: 0.008571108327163155
voc_emergence.alpha_beta.contact_rate_multiplier: 3.0257332337796456
voc_emergence.alpha_beta.start_time: 417.87647260423415
voc_emergence.delta.contact_rate_multiplier: 5.025759478015756
voc_emergence.delta.start_time: 532.3610497808545