clinical_stratification.props.symptomatic.multiplier: 1.2023367968516947
contact_rate: 0.022671238713699148
contact_tracing.assumed_trace_prop: 0.917972836273681
infection_deaths_dispersion_param: 24.5275341412135
infection_fatality.multiplier: 0.188904029022707
infectious_seed: 350.24155640785267
notifications_dispersion_param: 501.27354040000307
sojourn.compartment_periods_calculated.active.total_period: 6.208837185073447
sojourn.compartment_periods_calculated.exposed.total_period: 5.0914602068818295
testing_to_detection.assumed_cdr_parameter: 0.00305382532149356
voc_emergence.alpha_beta.contact_rate_multiplier: 3.491547870305366
voc_emergence.alpha_beta.start_time: 423.3039936887503
voc_emergence.delta.contact_rate_multiplier: 8.10569961189478584
voc_emergence.delta.start_time: 528.1144916290746