clinical_stratification.props.symptomatic.multiplier: 0.4122653409098606
contact_rate: 0.025137235762962715
contact_tracing.assumed_trace_prop: 0.9203158010230487
infection_deaths_dispersion_param: 20.92078881456034
infection_fatality.multiplier: 0.2500545841338906
infectious_seed: 284.74173295705
notifications_dispersion_param: 439.02695798545585
sojourn.compartment_periods_calculated.active.total_period: 5.974082945778722
sojourn.compartment_periods_calculated.exposed.total_period: 6.4785719500479875
testing_to_detection.assumed_cdr_parameter: 0.001664244387875476
voc_emergence.alpha_beta.contact_rate_multiplier: 3.4738531199256606
voc_emergence.alpha_beta.start_time: 415.4535138464359
voc_emergence.delta.contact_rate_multiplier: 8.358720630725117
voc_emergence.delta.start_time: 507.9524385872068
waning_immunity_duration: 661.4009530970204