clinical_stratification.props.symptomatic.multiplier: 0.45810805662050086
contact_rate: 0.025416130809061247
contact_tracing.assumed_trace_prop: 0.9425286081482286
infection_deaths_dispersion_param: 23.888153941262267
infection_fatality.multiplier: 0.18799466200696374
infectious_seed: 290.65040079524977
notifications_dispersion_param: 436.7438972191719
sojourn.compartment_periods_calculated.active.total_period: 6.778289096894166
sojourn.compartment_periods_calculated.exposed.total_period: 6.761263526846541
testing_to_detection.assumed_cdr_parameter: 0.0012552647073774854
voc_emergence.alpha_beta.contact_rate_multiplier: 2.9603879507105813
voc_emergence.alpha_beta.start_time: 390.5687111488261
voc_emergence.delta.contact_rate_multiplier: 8.495259019710474
voc_emergence.delta.start_time: 510.60757940814585
