contact_rate: 0.021219455546236297
contact_tracing.assumed_trace_prop: 0.59330474173019
infection_deaths_dispersion_param: 24.96106595365052
infection_fatality.multiplier: 2.700300589067182
infectious_seed: 282.39698585310487
notifications_dispersion_param: 518.2245171427601
sojourn.compartment_periods_calculated.active.total_period: 5.575019680577123
sojourn.compartment_periods_calculated.exposed.total_period: 5.64545205687094
testing_to_detection.assumed_cdr_parameter: 0.0654336148242395
voc_emergence.alpha_beta.contact_rate_multiplier: 2.7399291199499958
voc_emergence.alpha_beta.start_time: 415.6720984230534
voc_emergence.delta.contact_rate_multiplier: 3.7650192428701197
voc_emergence.delta.start_time: 451.00320780656097