contact_rate: 0.01858431997111775
contact_tracing.assumed_trace_prop: 0.4675299004110589
infection_deaths_dispersion_param: 25.238146634792468
infection_fatality.multiplier: 2.4671265057691585
infectious_seed: 251.798644586594
notifications_dispersion_param: 532.8500662331444
sojourn.compartment_periods_calculated.active.total_period: 7.697154650475662
sojourn.compartment_periods_calculated.exposed.total_period: 5.74440856734935
testing_to_detection.assumed_cdr_parameter: 0.06778080381596165
voc_emergence.alpha_beta.contact_rate_multiplier: 2.8816020779222913
voc_emergence.alpha_beta.start_time: 418.9361923334678
voc_emergence.delta.contact_rate_multiplier: 3.668161439975995
voc_emergence.delta.start_time: 455.2750243545661