clinical_stratification.props.symptomatic.multiplier: 2.0599911923763106
contact_rate: 0.0212640288815062
contact_tracing.assumed_trace_prop: 0.14072524290382354
infection_deaths_dispersion_param: 20.467450547870534
infection_fatality.multiplier: 0.3570998042753467
infectious_seed: 307.1944544665302
notifications_dispersion_param: 439.41307620973805
sojourn.compartment_periods_calculated.active.total_period: 6.691506340157809
sojourn.compartment_periods_calculated.exposed.total_period: 5.9617144196282545
testing_to_detection.assumed_cdr_parameter: 0.009530580648329534
voc_emergence.alpha_beta.contact_rate_multiplier: 3.049591383438762
voc_emergence.alpha_beta.start_time: 411.12975464350137
voc_emergence.delta.contact_rate_multiplier: 5.5949708182709355
voc_emergence.delta.start_time: 512.4320224871678