contact_rate: 0.024633402533998157
contact_tracing.assumed_trace_prop: 0.6400203079267105
infection_deaths_dispersion_param: 22.60345270144534
infection_fatality.multiplier: 1.7885881361524265
infectious_seed: 298.8291718457409
notifications_dispersion_param: 400.31405933982285
sojourn.compartment_periods_calculated.active.total_period: 5.742882058307824
sojourn.compartment_periods_calculated.exposed.total_period: 7.003036388690409
testing_to_detection.assumed_cdr_parameter: 0.05956774680908842
voc_emergence.alpha_beta.contact_rate_multiplier: 2.824539674610505
voc_emergence.alpha_beta.start_time: 410.3356855813827
voc_emergence.delta.contact_rate_multiplier: 4.2939779463576535
voc_emergence.delta.start_time: 466.87234755867803