contact_rate: 0.04041073357754339
contact_tracing.assumed_trace_prop: 0.7529389208706709
infection_fatality.multiplier: 0.5008952176376931
infectious_seed: 525.7006092771655
sojourn.compartment_periods_calculated.active.total_period: 4.276789340437743
sojourn.compartment_periods_calculated.exposed.total_period: 2.5783778080382156
testing_to_detection.assumed_cdr_parameter: 0.0029405570873925666
voc_emergence.alpha_beta.contact_rate_multiplier: 2.4217952354060577
voc_emergence.alpha_beta.start_time: 429.75667564844025
voc_emergence.delta.contact_rate_multiplier: 4.222717691315089
voc_emergence.delta.start_time: 541.8133492214649