clinical_stratification.props.symptomatic.multiplier: 0.49376623355498833
contact_rate: 0.026136171255632917
contact_tracing.assumed_trace_prop: 0.9202373643399115
infection_deaths_dispersion_param: 26.1964897641511
infection_fatality.multiplier: 0.33675298861511077
infectious_seed: 355.2663907313864
notifications_dispersion_param: 547.822291424854
sojourn.compartment_periods_calculated.active.total_period: 6.602101725452483
sojourn.compartment_periods_calculated.exposed.total_period: 4.159002291746213
testing_to_detection.assumed_cdr_parameter: 0.004531430705111415
voc_emergence.alpha_beta.contact_rate_multiplier: 3.3738475742228142
voc_emergence.alpha_beta.start_time: 427.1130501483944
voc_emergence.delta.contact_rate_multiplier: 7.115032255916018
voc_emergence.delta.start_time: 508.1273418299795