contact_rate: 0.024704255697082116
contact_tracing.assumed_trace_prop: 0.9633569312175166
infection_deaths_dispersion_param: 7.112399261921786
infection_fatality.multiplier: 1.324534178110748
infectious_seed: 115.71814556193644
notifications_dispersion_param: 425.1991773139015
sojourn.compartment_periods_calculated.active.total_period: 6.4761917741029515
sojourn.compartment_periods_calculated.exposed.total_period: 6.520091500002876
testing_to_detection.assumed_cdr_parameter: 0.06694346899580361
voc_emergence.voc_strain(0).voc_components.contact_rate_multiplier: 2.5859649320591322
voc_emergence.voc_strain(0).voc_components.start_time: 432.79853637471945
voc_emergence.voc_strain(1).voc_components.contact_rate_multiplier: 2.2329439795363606
voc_emergence.voc_strain(1).voc_components.start_time: 532.860085494903