contact_rate: 0.022817543079355247
contact_tracing.assumed_trace_prop: 0.7470104795079624
infection_deaths_dispersion_param: 20.69253203436984
infection_fatality.multiplier: 1.5376918344664365
infectious_seed: 296.432249182675
notifications_dispersion_param: 495.36668727426854
sojourn.compartment_periods_calculated.active.total_period: 7.326386544996096
sojourn.compartment_periods_calculated.exposed.total_period: 5.560570319126342
testing_to_detection.assumed_cdr_parameter: 0.05719478829000844
voc_emergence.alpha_beta.contact_rate_multiplier: 2.7347458455044547
voc_emergence.alpha_beta.start_time: 406.4784309209643
voc_emergence.delta.contact_rate_multiplier: 4.4723974183584705
voc_emergence.delta.start_time: 468.80676272117597