contact_rate: 0.039264815711709222564
infection_fatality.multiplier: 0.41917822954980480088
infectious_seed: 482.09043480687205
testing_to_detection.assumed_cdr_parameter: 0.002310923222917489
voc_emergence.alpha_beta.contact_rate_multiplier: 2.898502639184949942
voc_emergence.alpha_beta.start_time: 440.4970152748342
voc_emergence.delta.contact_rate_multiplier: 5.651028833316964571
voc_emergence.delta.start_time: 550.7245783921957
