clinical_stratification.props.symptomatic.multiplier: 1.0089038342014223
contact_rate: 0.024987898390090094
contact_tracing.assumed_trace_prop: 0.9064133944059108
infection_deaths_dispersion_param: 25.110630160547135
infection_fatality.multiplier: 0.367142680562027
infectious_seed: 272.2958928668225
notifications_dispersion_param: 534.3493186845885
sojourn.compartment_periods_calculated.active.total_period: 6.218455732968491
sojourn.compartment_periods_calculated.exposed.total_period: 4.142568940662745
testing_to_detection.assumed_cdr_parameter: 0.003574528155351839
voc_emergence.alpha_beta.contact_rate_multiplier: 3.377503109865969
voc_emergence.alpha_beta.start_time: 430.57040943101606
voc_emergence.delta.contact_rate_multiplier: 6.723334814924936
voc_emergence.delta.start_time: 509.20375373003435