contact_rate: 0.019204249171224996
contact_tracing.assumed_trace_prop: 0.595908818899062
infection_deaths_dispersion_param: 25.16010853851544
infection_fatality.multiplier: 2.5065178762549736
infectious_seed: 241.1963563245476
notifications_dispersion_param: 521.5848602109805
sojourn.compartment_periods_calculated.active.total_period: 7.459480835073363
sojourn.compartment_periods_calculated.exposed.total_period: 4.555945896039892
testing_to_detection.assumed_cdr_parameter: 0.05130665622332388
voc_emergence.alpha_beta.contact_rate_multiplier: 2.9275104426889498
voc_emergence.alpha_beta.start_time: 422.27107306828157
voc_emergence.delta.contact_rate_multiplier: 3.8086122076195577
voc_emergence.delta.start_time: 461.44340399464
vaccination.fully_vaccinated.vacc_prop_prevent_infection: 0.7