contact_rate: 0.02357899854382256
contact_tracing.assumed_trace_prop: 0.7641219019896036
infection_deaths_dispersion_param: 10.99709407851677
infection_fatality.multiplier: 1.4267829059498622
infectious_seed: 296.262666600379
notifications_dispersion_param: 442.8604157929692
sojourn.compartment_periods_calculated.active.total_period: 6.465644867753783
sojourn.compartment_periods_calculated.exposed.total_period: 5.512665145780562
testing_to_detection.assumed_cdr_parameter: 0.07456885690340223
voc_emergence.alpha_beta.contact_rate_multiplier: 2.60006350964093
voc_emergence.alpha_beta.start_time: 408.3133807737903
voc_emergence.delta.contact_rate_multiplier: 4.054549045571024
voc_emergence.delta.start_time: 463.8593948737067