clinical_stratification.props.symptomatic.multiplier: 0.5378788404537289
contact_rate: 0.024994778114919874
contact_tracing.assumed_trace_prop: 0.9186278371714178
infection_deaths_dispersion_param: 23.89529251595006
infection_fatality.multiplier: 0.44220695068880557
infectious_seed: 343.3313183595992
notifications_dispersion_param: 445.0801764464412
sojourn.compartment_periods_calculated.active.total_period: 6.1469727845483435
sojourn.compartment_periods_calculated.exposed.total_period: 7.115947777082493
testing_to_detection.assumed_cdr_parameter: 0.0033784655340166926
voc_emergence.alpha_beta.contact_rate_multiplier: 3.250426712394536
voc_emergence.alpha_beta.start_time: 410.46165750112607
voc_emergence.delta.contact_rate_multiplier: 7.906780415715818
voc_emergence.delta.start_time: 507.7060891921088