clinical_stratification.props.symptomatic.multiplier: 2.0673452127813765
contact_rate: 0.022148383303434528
contact_tracing.assumed_trace_prop: 0.7497046957591809
infection_deaths_dispersion_param: 23.651145198616806
infection_fatality.multiplier: 0.43325568784401575
infectious_seed: 250.86292712102292
notifications_dispersion_param: 535.777757151156
sojourn.compartment_periods_calculated.active.total_period: 6.0816040462558085
sojourn.compartment_periods_calculated.exposed.total_period: 6.5665186777844475
testing_to_detection.assumed_cdr_parameter: 0.009606723811815179
voc_emergence.alpha_beta.contact_rate_multiplier: 2.992520009483408
voc_emergence.alpha_beta.start_time: 411.7695246494221
voc_emergence.delta.contact_rate_multiplier: 5.244620814666782
voc_emergence.delta.start_time: 511.18753043951494