contact_rate: 0.01966568375307115
contact_tracing.assumed_trace_prop: 0.47491866838342306
infection_deaths_dispersion_param: 23.518935712672715
infection_fatality.multiplier: 2.64433155795262
infectious_seed: 261.04416902920633
notifications_dispersion_param: 477.23231681465734
sojourn.compartment_periods_calculated.active.total_period: 6.067061505110825
sojourn.compartment_periods_calculated.exposed.total_period: 7.504529780732255
testing_to_detection.assumed_cdr_parameter: 0.0535447691073585
voc_emergence.alpha_beta.contact_rate_multiplier: 2.771051006443508
voc_emergence.alpha_beta.start_time: 410.6139174198791
voc_emergence.delta.contact_rate_multiplier: 3.7758870106832836
voc_emergence.delta.start_time: 455.91793660808037