clinical_stratification.props.symptomatic.multiplier: 1.888280077869406
contact_rate: 0.021708200315205765
contact_tracing.assumed_trace_prop: 0.18363984674145428
infection_deaths_dispersion_param: 25.892318720152854
infection_fatality.multiplier: 0.3607169420879232
infectious_seed: 233.63832526914624
notifications_dispersion_param: 538.7695173236858
sojourn.compartment_periods_calculated.active.total_period: 7.457297212677363
sojourn.compartment_periods_calculated.exposed.total_period: 5.1896449780820975
testing_to_detection.assumed_cdr_parameter: 0.009101655038733992
voc_emergence.alpha_beta.contact_rate_multiplier: 3.05012898789684
voc_emergence.alpha_beta.start_time: 412.44333180740034
voc_emergence.delta.contact_rate_multiplier: 5.834505511854552
voc_emergence.delta.start_time: 519.1190069354859