clinical_stratification.props.symptomatic.multiplier: 1.21141608066792
contact_rate: 0.024959108093535423
contact_tracing.assumed_trace_prop: 0.879462622359934
infection_deaths_dispersion_param: 24.66906005708216
infection_fatality.multiplier: 0.14276051353278346
infectious_seed: 325.4804098494212
notifications_dispersion_param: 524.22990563534
sojourn.compartment_periods_calculated.active.total_period: 5.714759880057985
sojourn.compartment_periods_calculated.exposed.total_period: 5.503861494819505
testing_to_detection.assumed_cdr_parameter: 0.003359547795966542
voc_emergence.alpha_beta.contact_rate_multiplier: 2.974302146961795
voc_emergence.alpha_beta.start_time: 400.4124624097606
voc_emergence.delta.contact_rate_multiplier: 6.053672041705466
voc_emergence.delta.start_time: 503.1279664247031