clinical_stratification.props.symptomatic.multiplier: 0.7946645517287585
contact_rate: 0.024536833289351256
contact_tracing.assumed_trace_prop: 0.9160822096888306
infection_deaths_dispersion_param: 24.416816795042667
infection_fatality.multiplier: 0.12172618369199273
infectious_seed: 295.32751604626105
notifications_dispersion_param: 520.3569605602302
sojourn.compartment_periods_calculated.active.total_period: 6.544083526158678
sojourn.compartment_periods_calculated.exposed.total_period: 5.2427207076479725
testing_to_detection.assumed_cdr_parameter: 0.002362175363537838
voc_emergence.alpha_beta.contact_rate_multiplier: 3.0733406315974126
voc_emergence.alpha_beta.start_time: 412.6164244285454
voc_emergence.delta.contact_rate_multiplier: 6.567000934025397
voc_emergence.delta.start_time: 511.2681809740846