clinical_stratification.props.symptomatic.multiplier: 0.9414449020125879
contact_rate: 0.048162303791312186
contact_tracing.assumed_trace_prop: 0.7820067132762532
history.natural_immunity_duration: 388.6333987635639
hospital_reporting: 0.4696258407522309
infection_fatality.multiplier: 0.24761635437218218
infectious_seed: 478.0543938579775
sojourn.compartment_periods_calculated.active.total_period: 6.140467525059587
sojourn.compartment_periods_calculated.exposed.total_period: 3.72659175893234
testing_to_detection.assumed_cdr_parameter: 0.004063586700881295
voc_emergence.alpha_beta.contact_rate_multiplier: 2.8805540962509824
voc_emergence.alpha_beta.start_time: 424.61306985515284
voc_emergence.delta.contact_rate_multiplier: 6.38161199239672
voc_emergence.delta.start_time: 522.9309597312956