contact_rate: 0.02215543122641502
contact_tracing.assumed_trace_prop: 0.8845781730310485
infection_deaths_dispersion_param: 6.9915492940732555
infection_fatality.multiplier: 1.380229402666492
infectious_seed: 358.3565489781578
notifications_dispersion_param: 409.8521103622321
sojourn.compartment_periods_calculated.active.total_period: 6.041611276134853
sojourn.compartment_periods_calculated.exposed.total_period: 7.794534380808847
testing_to_detection.assumed_cdr_parameter: 0.07554007328976933
voc_emergence.voc_strain(0).voc_components.contact_rate_multiplier: 2.7398402744577255
voc_emergence.voc_strain(0).voc_components.start_time: 422.93322401952685
voc_emergence.voc_strain(1).voc_components.contact_rate_multiplier: 3.0009579892594496
voc_emergence.voc_strain(1).voc_components.start_time: 541.2551020881476