contact_rate: 0.019801016400660492
contact_tracing.assumed_trace_prop: 0.6969289783177932
infection_deaths_dispersion_param: 19.297365786645166
infection_fatality.multiplier: 2.2397887292070275
infectious_seed: 259.11939171444317
notifications_dispersion_param: 504.2563285944983
sojourn.compartment_periods_calculated.active.total_period: 4.815698132132691
sojourn.compartment_periods_calculated.exposed.total_period: 5.905457543957395
testing_to_detection.assumed_cdr_parameter: 0.009823952926304294
voc_emergence.alpha_beta.contact_rate_multiplier: 2.9901536543896774
voc_emergence.alpha_beta.start_time: 424.2331883375527
voc_emergence.delta.contact_rate_multiplier: 3.9807950678892254
voc_emergence.delta.start_time: 453.5765095917973