clinical_stratification.props.symptomatic.multiplier: 0.13825029864890478
contact_rate: 0.02617233751227132
contact_tracing.assumed_trace_prop: 0.9527822783478416
infection_deaths_dispersion_param: 20.678389944461685
infection_fatality.multiplier: 0.13573993252349356
infectious_seed: 270.4546425515724
notifications_dispersion_param: 509.8568320884417
sojourn.compartment_periods_calculated.active.total_period: 6.657653665449209
sojourn.compartment_periods_calculated.exposed.total_period: 4.8184363025111825
testing_to_detection.assumed_cdr_parameter: 0.0013571280574135015
voc_emergence.alpha_beta.contact_rate_multiplier: 3.6774548744032263
voc_emergence.alpha_beta.start_time: 413.2910801590039
voc_emergence.delta.contact_rate_multiplier: 8.865916385146472
voc_emergence.delta.start_time: 515.9382708236329