contact_rate: 0.04538306546501184
history.waned.ve_death: 0.9941858788738192
infection_fatality.multiplier: 0.184248561657048578
voc_emergence.alpha_beta.contact_rate_multiplier: 2.812470712290112
voc_emergence.delta.contact_rate_multiplier: 7.644754377570403
voc_emergence.delta.ifr_multiplier: 3.933515869507874
