contact_rate: 0.024194073265121564
infection_deaths_dispersion_param: 26.54605666170518
infection_fatality.multiplier: 0.11126846453298925
infectious_seed: 429.88742092953606
notifications_dispersion_param: 538.601128345239
testing_to_detection.assumed_cdr_parameter: 0.01421748570516198
voc_emergence.alpha_beta.contact_rate_multiplier: 4.062575817528022
voc_emergence.alpha_beta.start_time: 391.3425486815822
voc_emergence.delta.contact_rate_multiplier: 11.072064791005129
voc_emergence.delta.start_time: 502.45422319821273