clinical_stratification.props.symptomatic.multiplier: 0.9531823068349234
contact_rate: 0.025548324862439794
contact_tracing.assumed_trace_prop: 0.921145809246619
infection_deaths_dispersion_param: 24.383424640176376
infection_fatality.multiplier: 0.34729837480379494
infectious_seed: 296.04915691572495
notifications_dispersion_param: 494.64639483822214
sojourn.compartment_periods_calculated.active.total_period: 5.884474230353029
sojourn.compartment_periods_calculated.exposed.total_period: 5.529006999459223
testing_to_detection.assumed_cdr_parameter: 0.0014453164610891461
voc_emergence.alpha_beta.contact_rate_multiplier: 3.2622898646719745
voc_emergence.alpha_beta.start_time: 416.0118691762775
voc_emergence.delta.contact_rate_multiplier: 7.6861491430299225
voc_emergence.delta.start_time: 514.3633558587487
waning_immunity_duration: 360.7091613893161