clinical_stratification.props.symptomatic.multiplier: 1.715129073435398
contact_rate: 0.02250478482701419
contact_tracing.assumed_trace_prop: 0.12465743854785921
infection_deaths_dispersion_param: 25.847037058488926
infection_fatality.multiplier: 0.4507942529902987
infectious_seed: 292.10249120020407
notifications_dispersion_param: 522.0545577863056
sojourn.compartment_periods_calculated.active.total_period: 6.5279122305432455
sojourn.compartment_periods_calculated.exposed.total_period: 5.533737742395438
testing_to_detection.assumed_cdr_parameter: 0.008726936770458743
voc_emergence.alpha_beta.contact_rate_multiplier: 3.003357355276065
voc_emergence.alpha_beta.start_time: 410.54679776548085
voc_emergence.delta.contact_rate_multiplier: 5.68027677948023
voc_emergence.delta.start_time: 515.6229022669738