contact_rate: 0.01928897078295006
contact_tracing.assumed_trace_prop: 0.5250605942167972
infection_deaths_dispersion_param: 23.71318806538031
infection_fatality.multiplier: 2.594685656008381
infectious_seed: 255.26237477039876
notifications_dispersion_param: 517.5883866415625
sojourn.compartment_periods_calculated.active.total_period: 6.549069027620632
sojourn.compartment_periods_calculated.exposed.total_period: 6.637157702196767
testing_to_detection.assumed_cdr_parameter: 0.05688664966255801
voc_emergence.alpha_beta.contact_rate_multiplier: 2.652093973052791
voc_emergence.alpha_beta.start_time: 406.22757611345276
voc_emergence.delta.contact_rate_multiplier: 3.9416188086361696
voc_emergence.delta.start_time: 457.763930350185