contact_rate: 0.019813540159406368
contact_tracing.assumed_trace_prop: 0.6711295637143424
infection_deaths_dispersion_param: 25.547120555461102
infection_fatality.multiplier: 2.613350795116158
infectious_seed: 241.11159291678152
notifications_dispersion_param: 480.15828826576126
sojourn.compartment_periods_calculated.active.total_period: 6.7254242528543875
sojourn.compartment_periods_calculated.exposed.total_period: 6.535192704711505
testing_to_detection.assumed_cdr_parameter: 0.05764106699792666
voc_emergence.alpha_beta.contact_rate_multiplier: 2.832228081826977
voc_emergence.alpha_beta.start_time: 418.04592941699644
voc_emergence.delta.contact_rate_multiplier: 3.673198933441282
voc_emergence.delta.start_time: 453.42284008299964