clinical_stratification.props.symptomatic.multiplier: 0.9296408453931102
contact_rate: 0.03098537896459294
contact_tracing.assumed_trace_prop: 0.8855126274539376
history.natural_immunity_duration: 449.6224887607874
hospital_reporting: 0.34002354680349217
infection_fatality.multiplier: 1.7482570696004147
infectious_seed: 471.31629504568855
sojourn.compartment_periods_calculated.active.total_period: 5.566440547560903
sojourn.compartment_periods_calculated.exposed.total_period: 5.039646212560734
testing_to_detection.assumed_cdr_parameter: 0.005829469327278342
voc_emergence.alpha_beta.contact_rate_multiplier: 2.7438207734108047
voc_emergence.alpha_beta.start_time: 407.44650010175593
voc_emergence.delta.contact_rate_multiplier: 5.74966106578701
voc_emergence.delta.start_time: 515.9680100857585