clinical_stratification.props.symptomatic.multiplier: 0.3199050962485921
contact_rate: 0.04318817921812804
contact_tracing.assumed_trace_prop: 0.8086299115573481
infection_fatality.multiplier: 0.1477508152052349
infectious_seed: 479.9357205478683
sojourn.compartment_periods_calculated.active.total_period: 5.034297083513568
sojourn.compartment_periods_calculated.exposed.total_period: 3.4469889533814824
testing_to_detection.assumed_cdr_parameter: 0.00290331717562488
voc_emergence.alpha_beta.contact_rate_multiplier: 2.574646349760612
voc_emergence.alpha_beta.start_time: 421.71298003662775
voc_emergence.delta.contact_rate_multiplier: 5.454958767422863
voc_emergence.delta.start_time: 538.0123090917042