clinical_stratification.props.symptomatic.multiplier: 0.6104042866465081
contact_rate: 0.037177429147629545
contact_tracing.assumed_trace_prop: 0.7684913448800931
infection_fatality.multiplier: 0.36112299105247195
infectious_seed: 478.2704743353433
sojourn.compartment_periods_calculated.active.total_period: 4.7472866442783985
sojourn.compartment_periods_calculated.exposed.total_period: 5.670277557643851
testing_to_detection.assumed_cdr_parameter: 0.0084336507571813
voc_emergence.alpha_beta.contact_rate_multiplier: 2.9470265506151256
voc_emergence.alpha_beta.start_time: 431.71726199613573
voc_emergence.delta.contact_rate_multiplier: 7.155776770493213
voc_emergence.delta.start_time: 535.3196950233967