clinical_stratification.props.symptomatic.multiplier: 2.076877353566785
contact_rate: 0.023037100179788463
contact_tracing.assumed_trace_prop: 0.8011673877589327
infection_deaths_dispersion_param: 23.09331509129696
infection_fatality.multiplier: 0.5142844946830425
infectious_seed: 101.22858724050514
notifications_dispersion_param: 472.024340804233
sojourn.compartment_periods_calculated.active.total_period: 6.855375138909833
sojourn.compartment_periods_calculated.exposed.total_period: 5.24908078282875
testing_to_detection.assumed_cdr_parameter: 0.009940279258440834
voc_emergence.alpha_beta.contact_rate_multiplier: 3.05135066719047054
voc_emergence.alpha_beta.start_time: 416.38067260373066
voc_emergence.delta.contact_rate_multiplier: 5.51225586369817427
voc_emergence.delta.start_time: 510.8712276901492