contact_rate: 0.025410834050439944
infection_deaths_dispersion_param: 25.27473679271352
infection_fatality.multiplier: 0.11044041697118642
infectious_seed: 307.5009843082392
notifications_dispersion_param: 524.4376343104042
testing_to_detection.assumed_cdr_parameter: 0.013581979610625551
voc_emergence.alpha_beta.contact_rate_multiplier: 4.090692529419769
voc_emergence.alpha_beta.start_time: 402.54594414965845
voc_emergence.delta.contact_rate_multiplier: 10.21442299453609
voc_emergence.delta.start_time: 500.6615003435045