clinical_stratification.props.symptomatic.multiplier: 2.1926746670141126
contact_rate: 0.023537274698210885
contact_tracing.assumed_trace_prop: 0.8211382077993226
infection_deaths_dispersion_param: 23.391416111582387
infection_fatality.multiplier: 0.526700849702932
infectious_seed: 234.40921727092558
notifications_dispersion_param: 498.3322273160119
sojourn.compartment_periods_calculated.active.total_period: 5.416530495393747
sojourn.compartment_periods_calculated.exposed.total_period: 7.300810270398325
testing_to_detection.assumed_cdr_parameter: 0.009699459076489206
voc_emergence.alpha_beta.contact_rate_multiplier: 2.969834112030815
voc_emergence.alpha_beta.start_time: 408.0084113112414
voc_emergence.delta.contact_rate_multiplier: 5.220936045414352
voc_emergence.delta.start_time: 513.0935132000225