contact_rate: 0.020070104786812554
contact_tracing.assumed_trace_prop: 0.761595438931075
infection_deaths_dispersion_param: 23.572837041434973
infection_fatality.multiplier: 2.353716414037046
infectious_seed: 256.5544221112096
notifications_dispersion_param: 399.9965821958551
sojourn.compartment_periods_calculated.active.total_period: 6.024279150234711
sojourn.compartment_periods_calculated.exposed.total_period: 6.118135835784147
testing_to_detection.assumed_cdr_parameter: 0.054128363163266316
vaccination.fully_vaccinated.vacc_prop_prevent_infection: 0.8297965494051743
voc_emergence.alpha_beta.contact_rate_multiplier: 2.9616585220009775
voc_emergence.alpha_beta.start_time: 420.26349805413645
voc_emergence.delta.contact_rate_multiplier: 3.6649145260741305
voc_emergence.delta.start_time: 451.64061538465126