clinical_stratification.props.symptomatic.multiplier: 0.8583194986918967
contact_rate: 0.03329283053971327
contact_tracing.assumed_trace_prop: 0.8725294299139563
history.natural_immunity_duration: 433.59420947707935
hospital_reporting: 0.32879386087511625
infection_fatality.multiplier: 1.7911902984426238
infectious_seed: 478.0138371670147
sojourn.compartment_periods_calculated.active.total_period: 4.930120463643741
sojourn.compartment_periods_calculated.exposed.total_period: 4.650409046842957
testing_to_detection.assumed_cdr_parameter: 0.008133114666188799
voc_emergence.alpha_beta.contact_rate_multiplier: 2.717933987182416
voc_emergence.alpha_beta.start_time: 412.2398214746314
voc_emergence.delta.contact_rate_multiplier: 5.1159978239971995
voc_emergence.delta.start_time: 515.0365877049489