contact_rate: 0.000269552557101713
testing_to_detection.assumed_cdr_parameter: 0.036584191861041435
infectious_seed: 11.333694269363445
clinical_stratification.props.hospital.multiplier: 0.24535635891867646
voc_emergence.start_time: 6.4415117129913995
