clinical_stratification.icu_prop: 0.2091428402963296
clinical_stratification.non_sympt_infect_multiplier: 0.4560023226578424
clinical_stratification.props.hospital.multiplier: 0.6951063337143236
contact_rate: 0.1545508854618807
contact_tracing.assumed_trace_prop: 0.3855731637250457
seasonal_force: 0.028660217408002966
sojourn.compartment_periods.icu_early: 18.419841446962458
sojourn.compartment_periods_calculated.active.total_period: 7.380153783253536
sojourn.compartment_periods_calculated.exposed.total_period: 8.79997697538019
target_output_ratio: 0.5738235994346921
testing_to_detection.assumed_cdr_parameter: 0.05502979321761796
victorian_clusters.contact_rate_multiplier_barwon_south_west: 0.9538505130962109
victorian_clusters.contact_rate_multiplier_north_metro: 1.7755797853645823
victorian_clusters.contact_rate_multiplier_regional: 0.6258266827839711
victorian_clusters.contact_rate_multiplier_south_metro: 0.8470603909434111
victorian_clusters.intercluster_mixing: 0.011720008097107434
victorian_clusters.metro.mobility.microdistancing.behaviour_adjuster.parameters.effect: 0.1728365718737661
victorian_clusters.metro.mobility.microdistancing.face_coverings_adjuster.parameters.effect: 0.557897475773696
victorian_clusters.metro.mobility.microdistancing.home_reduction.parameters.effect: 0.03608400582200184