case_detection.end_value: 0.5397625650269003
case_detection.max_change_time: 234.76333128482233
case_detection.maximum_gradient: 0.098783552480637
case_detection.start_value: 0.09238727920605883
clinical_stratification.props.hospital.multiplier: 0.7428044306305641
clinical_stratification.props.symptomatic.multiplier: 0.6320986373897236
contact_rate: 0.04239575067425019
hospital_occupancy_dispersion_param: 3309.055003680497
infection_deaths_dispersion_param: 75.78565757199576
infection_fatality.multiplier: 1.0451612894873528
mobility.microdistancing.behaviour.parameters.c: 92.74918131216982
mobility.microdistancing.behaviour.parameters.upper_asymptote: 0.5399955606787317
mobility.microdistancing.behaviour_adjuster.parameters.c: 138.42534348338768
mobility.microdistancing.behaviour_adjuster.parameters.sigma: 0.7411810780242205
notifications_dispersion_param: 348.22329681119
sojourn.compartment_periods.hospital_late: 10.07691527604133
sojourn.compartment_periods.icu_late: 9.306305594769352
sojourn.compartment_periods_calculated.active.total_period: 4.033323033716891
sojourn.compartment_periods_calculated.exposed.total_period: 5.4031874094540155
time.start: 27.193695221917796
