case_detection.upper_asymptote: 0.48763936984656353
case_detection.inflection_time: 121.65667917715078
case_detection.shape: 0.03438458973108041
case_detection.lower_asymptote: 0.06255551201410656
clinical_stratification.props.hospital.multiplier: 1.2122648786552375
clinical_stratification.props.symptomatic.multiplier: 1.057506296296701
contact_rate: 0.03504166736750479
elderly_mixing_reduction.relative_reduction: 0.006389958476263908
hospital_occupancy_dispersion_param: 2788.9895199248162
infection_deaths_dispersion_param: 81.00579123947657
infection_fatality.multiplier: 1.9837048722441455
mobility.microdistancing.behaviour.parameters.inflection_time: 112.26130139164462
mobility.microdistancing.behaviour.parameters.upper_asymptote: 0.5393213825568743
mobility.microdistancing.behaviour_adjuster.parameters.inflection_time: 175.10406980283616
mobility.microdistancing.behaviour_adjuster.parameters.lower_asymptote: 0.47385171631618944
notifications_dispersion_param: 440.03355918770865
sojourn.compartment_periods_calculated.active.total_period: 4.216875434937197
sojourn.compartment_periods_calculated.exposed.total_period: 5.13677525828449
