case_detection.end_value: 0.37944696964894553
case_detection.max_change_time: 115.16039908951237
case_detection.maximum_gradient: 0.0469146424059619
case_detection.start_value: 0.0615222375461093
clinical_stratification.props.hospital.multiplier: 0.773289255116208
clinical_stratification.props.symptomatic.multiplier: 1.1186399307591137
contact_rate: 0.030295328513816343
hospital_occupancy_dispersion_param: 3503.9108957093385
infection_deaths_dispersion_param: 79.85930311860064
infection_fatality.multiplier: 1.4047589414800916
mobility.microdistancing.behaviour.parameters.c: 110.08956632422604
mobility.microdistancing.behaviour.parameters.upper_asymptote: 0.4133460531302744
mobility.microdistancing.behaviour_adjuster.parameters.c: 180
mobility.microdistancing.behaviour_adjuster.parameters.sigma: 0.4
notifications_dispersion_param: 667.0481775772686
sojourn.compartment_periods_calculated.active.total_period: 5.22714187595681
sojourn.compartment_periods_calculated.exposed.total_period: 4.457165142438562
time.start: 15.899047683461616
elderly_mixing_reduction.relative_reduction: 0.01
