case_detection.end_value: 0.39368980647380236
case_detection.max_change_time: 114.03879381015832
case_detection.maximum_gradient: 0.047930027466824905
case_detection.start_value: 0.04251649687696515
clinical_stratification.props.hospital.multiplier: 0.9318031219549088
clinical_stratification.props.symptomatic.multiplier: 1.1947067420794126
contact_rate: 0.032187357328950866
elderly_mixing_reduction.relative_reduction: 0.005317637803310651
hospital_occupancy_dispersion_param: 2913.363828473959
infection_deaths_dispersion_param: 85.59617966233002
infection_fatality.multiplier: 1.1999907208124418
mobility.microdistancing.behaviour.parameters.c: 99.89046529809916
mobility.microdistancing.behaviour.parameters.upper_asymptote: 0.4612288615432105
mobility.microdistancing.behaviour_adjuster.parameters.c: 189.36139940005964
mobility.microdistancing.behaviour_adjuster.parameters.sigma: 0.4037169339622891
notifications_dispersion_param: 510.53443648965106
sojourn.compartment_periods_calculated.active.total_period: 4.668370945992544
sojourn.compartment_periods_calculated.exposed.total_period: 5.037754030664865
time.start: 18.40384100973538
