infectious_seed: 24.389598538466544
contact_rate: 0.0009567330575147859
voc_emergence.omicron.contact_rate_multiplier: 1.2999999999999998