infectious_seed: 1377.9517084323488
contact_rate: 0.0029621648168265333
immunity_stratification.prop_immune: 0.06453910966370391
immunity_stratification.prop_high_among_immune: 0.05329739171868508
age_stratification.cfr.multiplier: 0.16097134406924704
voc_emergence.omicron.new_voc_seed.start_time: 7.986052355164361
voc_emergence.omicron.relative_latency: 0.021666915266165127
voc_emergence.omicron.contact_rate_multiplier: 1.5
voc_emergence.omicron.relative_active_period: 0.07881716184910553
