infectious_seed: 9.318786553991458
contact_rate: 0.001158815204493499
immunity_stratification.prop_immune: 0.006707520044930304
immunity_stratification.prop_high_among_immune: 0.00525501545281748
voc_emergence.omicron.contact_rate_multiplier: 0.5999999999999999
