contact_rate: 0.000444249248196138
testing_to_detection.assumed_cdr_parameter: 0.0009672007100449374
age_stratification.cfr.multiplier: 0.0003453869660721247
sojourns.active.proportion_early: 0.013315013343616601