infectious_seed: 20.197473623924907
contact_rate: 0.0007711515463237617
testing_to_detection.assumed_cdr_parameter: 0.0073224552314229
immunity_stratification.prop_high_among_immune: 0.09538600353280169
age_stratification.cfr.multiplier: 0.0016358013340095775
prop_icu_among_hospitalised: 0.0026817328326878935
sojourns.active.proportion_early: 0.0012208530434135861
sojourns.latent.proportion_early: 0.13559696132851762
