infectious_seed: 1396.7005550413137
contact_rate: 0.0009387672885391718
testing_to_detection.assumed_tests_parameter: 3.988415514895457e-05
testing_to_detection.assumed_cdr_parameter: 0.0012397275798572173
immunity_stratification.prop_immune: 0.010045002391075086
immunity_stratification.prop_high_among_immune: 0.07224814270094829
age_stratification.cfr.multiplier: 0.0011547726817669225
prop_icu_among_hospitalised: 0.0017242636885415677
voc_emergence.omicron.new_voc_seed.start_time: 1.2630721913094476
voc_emergence.omicron.relative_latency: 0.030066727714783123
voc_emergence.omicron.contact_rate_multiplier: 0.11215278297801767
voc_emergence.omicron.relative_active_period: 0.0954069916254699