contact_rate: 0.002378322939050756
age_stratification.cfr.multiplier: 0.0030386555184221745
age_stratification.prop_hospital.multiplier: 0.0025607245144770585
voc_emergence.omicron.new_voc_seed.start_time: 28.0
voc_emergence.omicron.contact_rate_multiplier: 1.2999999999999998
