infectious_seed: 383.3687713834246
contact_rate: 0.0014245352833013591
testing_to_detection.assumed_tests_parameter: 3.200901369613553e-05
testing_to_detection.assumed_cdr_parameter: 0.0035121839357730097
immunity_stratification.prop_immune: 0.007572594280667366
immunity_stratification.prop_high_among_immune: 0.1323281790527271
age_stratification.cfr.multiplier: 0.0003130131040796555
prop_icu_among_hospitalised: 0.0055032440638111725
voc_emergence.omicron.new_voc_seed.start_time: 1.9882438000126967
voc_emergence.omicron.relative_latency: 0.03646399873728462
sojourns.active.proportion_early: 0.003678120726823872
sojourns.latent.proportion_early: 8.699168367026573e-05
