contact_rate: 0.00015762048783166116
testing_to_detection.assumed_cdr_parameter: 0.0001225938207103539
sojourns.active.proportion_early: 0.0004370301233983659