infectious_seed: 2914.4864982586932
contact_rate: 0.001094940766528732
detect_prop: 0.013762577683509622
immunity_stratification.prop_immune: 0.016845296375290753
immunity_stratification.prop_high_among_immune: 0.1419423177810224
prop_icu_among_hospitalised: 0.0012039230528462265
voc_emergence.omicron.new_voc_seed.start_time: 0.803361354246988
voc_emergence.omicron.relative_latency: 0.018448107115594525
voc_emergence.omicron.contact_rate_multiplier: 0.0903693327068884
voc_emergence.omicron.relative_active_period: 0.06802532775177783
