infectious_seed: 1022.423668134752
contact_rate: 0.00047543937693794724
testing_to_detection.assumed_tests_parameter: 0.00015221095281521795
testing_to_detection.assumed_cdr_parameter: 0.008932512728418551
immunity_stratification.prop_immune: 0.0061386483406069
immunity_stratification.prop_high_among_immune: 0.08414416291068916
age_stratification.cfr.multiplier: 0.0012543545254461858
prop_icu_among_hospitalised: 0.005652076678499655
voc_emergence.omicron.new_voc_seed.start_time: 2.1570495170352046
voc_emergence.omicron.relative_latency: 0.05401471895942131
sojourns.active.proportion_early: 0.007805002623540197
sojourns.latent.proportion_early: 5.392003908417224e-06
