infectious_seed: 1043.9197187059303
contact_rate: 0.001289357416960485
testing_to_detection.assumed_tests_parameter: 0.00012859583543880718
testing_to_detection.assumed_cdr_parameter: 0.006678697501320687
immunity_stratification.prop_immune: 0.006361387606924396
immunity_stratification.prop_high_among_immune: 0.0674097141631565
age_stratification.cfr.multiplier: 0.0017064323421107815
prop_icu_among_hospitalised: 0.0029742426313168584
voc_emergence.omicron.new_voc_seed.start_time: 1.5734339085802276
voc_emergence.omicron.relative_latency: 0.02707944345428992
sojourns.active.proportion_early: 0.003977086344122471
sojourns.latent.proportion_early: 9.139885834034501e-06