infectious_seed: 33.92999340424194
contact_rate: 0.00814541674804431
detect_prop: 0.014293320255734807
immunity_stratification.prop_immune: 0.0020805990793351103
immunity_stratification.prop_high_among_immune: 0.009082448401875443
prop_icu_among_hospitalised: 0.00048415016378251276
voc_emergence.omicron.new_voc_seed.start_time: 0.9777031437231472
voc_emergence.omicron.relative_latency: 0.02474781668997411
voc_emergence.omicron.contact_rate_multiplier: 0.04531751361621317
voc_emergence.omicron.relative_active_period: 0.05839294322598587
