infectious_seed: 3102.3814719526017
contact_rate: 0.0022322328361365495
detect_prop: 0.014102121899397163
immunity_stratification.prop_immune: 0.009769193003626442
immunity_stratification.prop_high_among_immune: 0.06392183951408448
age_stratification.cfr.multiplier: 0.0034962095822036986
prop_icu_among_hospitalised: 0.005028208604656911
voc_emergence.omicron.new_voc_seed.start_time: 0.8970060129070134
voc_emergence.omicron.relative_latency: 0.018645617883859447
voc_emergence.omicron.contact_rate_multiplier: 0.09852701631880334
voc_emergence.omicron.relative_active_period: 0.06969157219969324
