infectious_seed: 1978.9951926160938
contact_rate: 0.00028613034684758093
immunity_stratification.prop_immune: 0.006666370602429417
immunity_stratification.prop_high_among_immune: 0.29999999999999993
age_stratification.cfr.multiplier: 0.04210902655744883
voc_emergence.omicron.new_voc_seed.start_time: 39.774047372705354
voc_emergence.omicron.relative_latency: 0.4
voc_emergence.omicron.contact_rate_multiplier: 1.4999999999999998
voc_emergence.omicron.relative_active_period: 0.2553673711899499
