infectious_seed: 2657.9152357408466
contact_rate: 0.00046603818168985955
detect_prop: 0.014436431119323537
immunity_stratification.prop_immune: 0.016801944466770025
immunity_stratification.prop_high_among_immune: 0.15316869144878478
prop_icu_among_hospitalised: 0.0016179275166160294
voc_emergence.omicron.new_voc_seed.start_time: 1.1483735600188538
voc_emergence.omicron.relative_latency: 0.019778777104924372
voc_emergence.omicron.contact_rate_multiplier: 0.08996408763849095
voc_emergence.omicron.relative_active_period: 0.06703333779326437
