infectious_seed: 93.62747306714664
contact_rate: 0.0010752534256479873
testing_to_detection.assumed_tests_parameter: 5.671044929766284e-05
testing_to_detection.assumed_cdr_parameter: 0.0021269608184718777
immunity_stratification.prop_immune: 0.008011193004205941
immunity_stratification.prop_high_among_immune: 0.0016035662808263629
age_stratification.cfr.multiplier: 0.0027835260304817436
prop_icu_among_hospitalised: 0.00264617828194272
voc_emergence.omicron.new_voc_seed.start_time: 1.6674814102761957
voc_emergence.omicron.relative_latency: 0.01650704386875662
voc_emergence.omicron.contact_rate_multiplier: 0.013819693406484923
voc_emergence.omicron.relative_active_period: 0.012932705870505212
