age_stratification.cfr.multiplier: 0.0025640354219310605
age_stratification.prop_hospital.multiplier: 0.002808067076931202
voc_emergence.omicron.new_voc_seed.start_time: 31.0
voc_emergence.omicron.contact_rate_multiplier: 0.9999999999999998
