infectious_seed: 4899.649305728128
contact_rate: 0.004463406748962978
detect_prop: 0.015288797377047872
immunity_stratification.prop_immune: 0.016787123820746985
immunity_stratification.prop_high_among_immune: 0.12379810585140028
prop_icu_among_hospitalised: 0.004725961464398375
voc_emergence.omicron.new_voc_seed.start_time: 1.115731572255413
voc_emergence.omicron.relative_latency: 0.018995438812695664
voc_emergence.omicron.contact_rate_multiplier: 0.10044618862079902
voc_emergence.omicron.relative_active_period: 0.07163641857635938
