infectious_seed: 29.538586751525713
contact_rate: 0.001126691404152752
testing_to_detection.assumed_cdr_parameter: 0.003808414064659439
immunity_stratification.prop_high_among_immune: 0.11851580766154102
age_stratification.cfr.multiplier: 0.001767234101882991
prop_icu_among_hospitalised: 0.001586329391491191
sojourns.active.proportion_early: 0.0011476761822360876
sojourns.latent.proportion_early: 6.62876138978776e-05
