infectious_seed: 1502.93768749208
contact_rate: 0.0026513244204595665
testing_to_detection.assumed_tests_parameter: 5.367164032973003e-05
testing_to_detection.assumed_cdr_parameter: 0.0019824214491725063
immunity_stratification.prop_immune: 0.009246344277426544
immunity_stratification.prop_high_among_immune: 0.06914372409035818
age_stratification.cfr.multiplier: 0.0007042076355850777
prop_icu_among_hospitalised: 0.005239688667479621
voc_emergence.omicron.new_voc_seed.start_time: 1.405945328250482
voc_emergence.omicron.relative_latency: 0.03113664560275496
voc_emergence.omicron.contact_rate_multiplier: 0.1029527964205188
voc_emergence.omicron.relative_active_period: 0.16312606439341115
