infectious_seed: 3018.327028128815
contact_rate: 0.0015567837579715943
detect_prop: 0.0159613538473799
immunity_stratification.prop_immune: 0.017964639824027295
immunity_stratification.prop_high_among_immune: 0.14146197108569614
prop_icu_among_hospitalised: 0.0014468910111207073
voc_emergence.omicron.new_voc_seed.start_time: 0.9632209515638124
voc_emergence.omicron.relative_latency: 0.017931427864854202
voc_emergence.omicron.contact_rate_multiplier: 0.09678867281758374
voc_emergence.omicron.relative_active_period: 0.07457929119453521
