infectious_seed: 330.9129539821788
contact_rate: 0.0006603734362705949
testing_to_detection.assumed_tests_parameter: 0.00015908333666072888
testing_to_detection.assumed_cdr_parameter: 0.003009812667464286
immunity_stratification.prop_immune: 0.0036489999816180507
immunity_stratification.prop_high_among_immune: 0.0698874176914446
age_stratification.cfr.multiplier: 0.0032337156976132465
prop_icu_among_hospitalised: 0.006049818263114751
voc_emergence.omicron.new_voc_seed.start_time: 2.0664792034733637
voc_emergence.omicron.relative_latency: 0.041270398852019635
sojourns.active.proportion_early: 0.0042551498666914545
sojourns.latent.proportion_early: 8.48214854904937e-06
