infectious_seed: 1432.3559296320036
contact_rate: 0.0013844341354132539
testing_to_detection.assumed_tests_parameter: 3.6044573903405534e-05
testing_to_detection.assumed_cdr_parameter: 0.0007363705255705316
immunity_stratification.prop_immune: 0.009461760712761225
immunity_stratification.prop_high_among_immune: 0.06865329890161104
age_stratification.cfr.multiplier: 0.0007546697560026402
prop_icu_among_hospitalised: 0.005420089304578752
voc_emergence.omicron.new_voc_seed.start_time: 1.5512930586756397
voc_emergence.omicron.relative_latency: 0.030518297655158497
voc_emergence.omicron.contact_rate_multiplier: 0.12085770687810182
voc_emergence.omicron.relative_active_period: 0.11226456753067054
