infectious_seed: 2390.6114086864
contact_rate: 0.0002199007004531628
immunity_stratification.prop_immune: 0.005907957717237122
immunity_stratification.prop_high_among_immune: 0.17550293874677958
age_stratification.cfr.multiplier: 0.05218305529601472
voc_emergence.omicron.new_voc_seed.start_time: 49.0
voc_emergence.omicron.relative_latency: 0.39999999999999997
voc_emergence.omicron.contact_rate_multiplier: 1.0
voc_emergence.omicron.relative_active_period: 0.2242250703816725
