contact_rate: 0.00019899866085493212
sojourns.active.total_time: 0.0061601248950169385
infectious_seed: 35.62221980648545
testing_to_detection.assumed_cdr_parameter: 0.00036887211182342087
immunity_stratification.infection_risk_reduction.low: 0.003912473891825419
immunity_stratification.infection_risk_reduction.high: 0.16199999999999998
age_stratification.prop_hospital.source_immunity_protection.low: 0.09453320215804917
age_stratification.prop_hospital.source_immunity_protection.high: 0.06468418544032728
age_stratification.prop_hospital.multiplier: 0.04025736797425872
time_from_onset_to_event.hospitalisation.parameters.mean: 1.1940811793265294
prop_icu_among_hospitalised: 0.011094899756221646
hospital_stay.hospital_all.parameters.mean: 0.21523640681622513
hospital_stay.icu.parameters.mean: 0.18660398975022652