age_stratification.cfr.multiplier: 0.8021331793954399
contact_rate: 0.120468749366205
infectious_seed: 8059.20423441236
sojourns.latent.total_time: 11.85647947166563
testing_to_detection.assumed_cdr_parameter: 0.02877429970292101
voc_emergence.omicron.contact_rate_multiplier: 1.6719881520694506
voc_emergence.omicron.new_voc_seed.start_time: 635.6876418964927