age_stratification.cfr.multiplier: 0.60341385743519863
contact_rate: 0.124225506257204192
infectious_seed: 3565.4177916566
sojourns.latent.total_time: 11.435008303677286
testing_to_detection.assumed_cdr_parameter: 0.04016484719572071
voc_emergence.omicron.contact_rate_multiplier: 1.410709706421087
voc_emergence.omicron.new_voc_seed.start_time: 570.2317992364709