contact_rate: 0.05204631372566916
voc_emergence.ba_1.cross_protection.ba_2.early_reinfection: 0.2095597266546862