accum_deaths_dispersion_param: 2.0610670505387896
clinical_stratification.props.hospital.multiplier: 1.4073383174691578
clinical_stratification.props.symptomatic.multiplier: 1.071145466012515
contact_rate: 0.023240841262474467
icu_occupancy_dispersion_param: 3.945192213046072
infection_fatality.multiplier: 1.012414827734296
infectious_seed: 40.94326607649258
mobility.microdistancing.behaviour.parameters.max_effect: 0.15103830182603317
mobility.microdistancing.behaviour_adjuster.parameters.inflection_time: 424.85639402992166
mobility.microdistancing.behaviour_adjuster.parameters.lower_asymptote: 0.9635609526867054
notifications_dispersion_param: 4.349360551060683
sojourn.compartment_periods_calculated.active.total_period: 7.141212653828749
sojourn.compartment_periods_calculated.exposed.total_period: 7.814044675379923
testing_to_detection.assumed_cdr_parameter: 0.024029765825981212
vaccination.overall_efficacy: 0.7908546444683682
vaccination.vacc_prop_prevent_infection: 0.7717040071943247
voc_emergence.contact_rate_multiplier: 1.539920405894661
voc_emergence.start_time: 439.4098927272121
