case_detection.end_value: 0.6125328014154667
case_detection.max_change_time: 120.34048154263338
case_detection.maximum_gradient: 0.06882541882022243
case_detection.start_value: 0.06419939443474214
clinical_stratification.props.hospital.multiplier: 0.6452021669579115
clinical_stratification.props.symptomatic.multiplier: 0.637743666342175
contact_rate: 0.04214293482755826
infection_deaths_dispersion_param: 74.07122566124553
infection_fatality.multiplier: 1.7207597449691259
mobility.microdistancing.behaviour.parameters.c: 111.17964605790439
mobility.microdistancing.behaviour.parameters.upper_asymptote: 0.2696775858315979
mobility.microdistancing.behaviour_adjuster.parameters.c: 164.6742367290256
mobility.microdistancing.behaviour_adjuster.parameters.sigma: 0.40502939003863425
new_hospital_admissions_dispersion_param: 236.32961894190976
notifications_dispersion_param: 724.680476776436
sojourn.compartment_periods.hospital_late: 16.447274145740575
sojourn.compartment_periods.icu_late: 10.133133902260003
sojourn.compartment_periods_calculated.active.total_period: 5.783581389530428
sojourn.compartment_periods_calculated.exposed.total_period: 6.0669228453961335
time.start: 15.003984312615724
