case_detection.end_value: 0.29581999152425154
case_detection.max_change_time: 100.17467780613154
case_detection.maximum_gradient: 0.04205613246458846
case_detection.start_value: 0.04039056052185195
clinical_stratification.props.hospital.multiplier: 1.234432693536978
clinical_stratification.props.symptomatic.multiplier: 0.9959128509274369
contact_rate: 0.04876149452084351
elderly_mixing_reduction.relative_reduction: 0.48987053194461405
infection_deaths_dispersion_param: 107.94004000363554
infection_fatality.multiplier: 3.790769749224804
mobility.microdistancing.behaviour.parameters.c: 72.85312873199202
mobility.microdistancing.behaviour.parameters.upper_asymptote: 0.31939435541325095
mobility.microdistancing.behaviour_adjuster.parameters.c: 187.94314935541504
mobility.microdistancing.behaviour_adjuster.parameters.sigma: 0.46704902351974825
new_hospital_admissions_dispersion_param: 243.07938652289283
notifications_dispersion_param: 494.2981629229887
sojourn.compartment_periods_calculated.active.total_period: 5.535147569351754
sojourn.compartment_periods_calculated.exposed.total_period: 5.4688446480064465
time.start: 22.998473053787936
