sojourn.compartment_periods_calculated.exposed.total_period: 0.33489542756535107
sojourn.compartment_periods_calculated.active.total_period: 0.1443592712074695
notifications_dispersion_param: 374.98942671531495
icu_occupancy_dispersion_param: 14.845753572476923
infection_deaths_dispersion_param: 5.529931180717192
contact_rate: 5.290473657258536e-05
infectious_seed: 175.02161424557912
testing_to_detection.assumed_cdr_parameter: 0.007937063339141345
infection_fatality.multiplier: 0.5444952584936056
mobility.microdistancing.behaviour.parameters.end_asymptote: 0.0027127789651967826
voc_emergence.alpha_beta.contact_rate_multiplier: 0.023507576574373523
voc_emergence.delta.contact_rate_multiplier: 0.018474249106639862
voc_emergence.alpha_beta.start_time: 5.372132076456808
voc_emergence.delta.start_time: 0.5778672188825453
