clinical_stratification.non_sympt_infect_multiplier: 0.7348812188889622
clinical_stratification.props.hospital.multiplier: 2.926556339330578
contact_rate: 0.04655355790201141
contact_tracing.assumed_trace_prop: 0.2503925879737743
infection_fatality.top_bracket_overwrite: 0.19833230553773556
infectious_seed: 52.951471378675954
sojourn.compartment_periods.icu_early: 12.01540789027424
sojourn.compartment_periods_calculated.active.total_period: 4.120520437910356
sojourn.compartment_periods_calculated.exposed.total_period: 2.950806231162166
target_output_ratio: 0.41896523304831773
testing_to_detection.assumed_cdr_parameter: 0.2307273884323572
victorian_clusters.contact_rate_multiplier_barwon_south_west: 0.8670228049129971
victorian_clusters.contact_rate_multiplier_north_metro: 1.2247718133625156
victorian_clusters.contact_rate_multiplier_regional: 0.5958086518863207
victorian_clusters.contact_rate_multiplier_south_metro: 0.8551573276265498
victorian_clusters.intercluster_mixing: 0.0359390792773609
victorian_clusters.metro.mobility.microdistancing.behaviour_adjuster.parameters.effect: 0.060456470541926995
victorian_clusters.metro.mobility.microdistancing.face_coverings_adjuster.parameters.effect: 0.5830688983789362