clinical_stratification.non_sympt_infect_multiplier: 0.5770181605252642
clinical_stratification.props.symptomatic.multiplier: 0.7875177269672894
contact_rate: 0.04864766084698319
contact_tracing.assumed_trace_prop: 0.27776573702315077
infection_fatality.multiplier: 2.831826178507667
infectious_seed: 28.644063013009305
sojourn.compartment_periods.icu_early: 5.683277726600573
sojourn.compartment_periods_calculated.active.total_period: 4.343248279214215
sojourn.compartment_periods_calculated.exposed.total_period: 2.512255593272188
target_output_ratio: 0.37803254750120796
testing_to_detection.assumed_cdr_parameter: 0.2381046108515895
victorian_clusters.contact_rate_multiplier_barwon_south_west: 0.9150954842681158
victorian_clusters.contact_rate_multiplier_north_metro: 1.043613619703701
victorian_clusters.contact_rate_multiplier_regional: 0.6173736154295995
victorian_clusters.contact_rate_multiplier_south_metro: 0.9746754441149299
victorian_clusters.contact_rate_multiplier_west_metro: 1.0609816590611703
victorian_clusters.intercluster_mixing: 0.013473787066467291
victorian_clusters.metro.mobility.microdistancing.behaviour_adjuster.parameters.effect: 0.22003671373713973
victorian_clusters.metro.mobility.microdistancing.face_coverings_adjuster.parameters.effect: 0.43809878134649627