clinical_stratification.non_sympt_infect_multiplier: 0.6722176404652478
clinical_stratification.props.hospital.multiplier: 3.8448268810001047
contact_rate: 0.04724941740069306
contact_tracing.assumed_trace_prop: 0.36846105911616633
infection_fatality.top_bracket_overwrite: 0.2722738192045151
infectious_seed: 24.605674755620893
sojourn.compartment_periods.icu_early: 13.279836102386708
sojourn.compartment_periods_calculated.active.total_period: 5.8110435413258035
sojourn.compartment_periods_calculated.exposed.total_period: 7.32738898741057
target_output_ratio: 0.5280837809123886
testing_to_detection.assumed_cdr_parameter: 0.24452473992007234
victorian_clusters.contact_rate_multiplier_barwon_south_west: 0.9236082712562255
victorian_clusters.contact_rate_multiplier_north_metro: 1.2222812241306473
victorian_clusters.contact_rate_multiplier_regional: 0.711225406631872
victorian_clusters.contact_rate_multiplier_south_metro: 1.0397511422744474
victorian_clusters.intercluster_mixing: 0.021762232936584233
victorian_clusters.metro.mobility.microdistancing.behaviour_adjuster.parameters.effect: 0.2449757775106656
victorian_clusters.metro.mobility.microdistancing.face_coverings_adjuster.parameters.effect: 0.4971709587191717
victorian_clusters.metro.mobility.microdistancing.home_reduction.parameters.effect: 0.30955312649039296