clinical_stratification.non_sympt_infect_multiplier: 0.49214129983108756
clinical_stratification.props.symptomatic.multiplier: 1.2122705679025894
contact_rate: 0.05445339902438728
contact_tracing.assumed_trace_prop: 0.26396416826854946
infection_fatality.multiplier: 2.2755286585307393
infectious_seed: 27.50936404460934
sojourn.compartment_periods.icu_early: 8.30377938006675
sojourn.compartment_periods_calculated.active.total_period: 5.330724419420054
sojourn.compartment_periods_calculated.exposed.total_period: 2.194394998563405
target_output_ratio: 0.3928129210052139
testing_to_detection.assumed_cdr_parameter: 0.27280675762631446
victorian_clusters.contact_rate_multiplier_barwon_south_west: 0.8298509019827448
victorian_clusters.contact_rate_multiplier_north_metro: 0.9090507418181693
victorian_clusters.contact_rate_multiplier_regional: 0.6568407873279711
victorian_clusters.contact_rate_multiplier_south_metro: 0.7676193583317684
victorian_clusters.contact_rate_multiplier_west_metro: 0.8910493787094205
victorian_clusters.intercluster_mixing: 0.009058078661443848
victorian_clusters.metro.mobility.microdistancing.behaviour_adjuster.parameters.effect: 0.17282418373078481
victorian_clusters.metro.mobility.microdistancing.face_coverings_adjuster.parameters.effect: 0.42566555980688586
