clinical_stratification.non_sympt_infect_multiplier: 0.5815796399511982
clinical_stratification.props.symptomatic.multiplier: 0.8316214842756067
contact_rate: 0.04825432815722279
contact_tracing.assumed_trace_prop: 0.2803283302480137
infectious_seed: 28.725805191322344
sojourn.compartment_periods.icu_early: 5.486711103663831
sojourn.compartment_periods_calculated.active.total_period: 5. # 4.413524303871758
sojourn.compartment_periods_calculated.exposed.total_period: 5. # 2.4705742103441466
target_output_ratio: 0.37732981825813094
testing_to_detection.assumed_cdr_parameter: 0.23540481862757998
victorian_clusters.contact_rate_multiplier_barwon_south_west: 0.975303335005165
victorian_clusters.contact_rate_multiplier_north_metro: 1.0596802368217975
victorian_clusters.contact_rate_multiplier_regional: 0.6208983974469938
victorian_clusters.contact_rate_multiplier_south_metro: 0.9421754679862706
victorian_clusters.intercluster_mixing: 0.013700437923095037
victorian_clusters.metro.mobility.microdistancing.behaviour_adjuster.parameters.effect: 0.2123017448549535
victorian_clusters.metro.mobility.microdistancing.face_coverings_adjuster.parameters.effect: 0.4376582187552679
