clinical_stratification.non_sympt_infect_multiplier: 0.48190158597186694
clinical_stratification.props.hospital.multiplier: 2.2644636789793786
clinical_stratification.props.symptomatic.multiplier: 1.291136495568597
contact_rate: 0.056676354442583746
contact_tracing.assumed_trace_prop: 0.27153622327978877
infection_fatality.multiplier: 2.706385877444149
infectious_seed: 27.629563853351772
sojourn.compartment_periods.icu_early: 8.178950175756327
sojourn.compartment_periods_calculated.active.total_period: 5.303207767243498
sojourn.compartment_periods_calculated.exposed.total_period: 3.101643016012052
target_output_ratio: 0.3879517572388227
testing_to_detection.assumed_cdr_parameter: 0.2960503279714059
victorian_clusters.contact_rate_multiplier_barwon_south_west: 0.9392624169917108
victorian_clusters.contact_rate_multiplier_north_metro: 0.9935551955506101
victorian_clusters.contact_rate_multiplier_regional: 0.5898296165578446
victorian_clusters.contact_rate_multiplier_south_metro: 0.8280675813465217
victorian_clusters.contact_rate_multiplier_west_metro: 0.9746195420686604
victorian_clusters.intercluster_mixing: 0.00817699624285126
victorian_clusters.metro.mobility.microdistancing.behaviour_adjuster.parameters.effect: 0.11651902162214986
victorian_clusters.metro.mobility.microdistancing.face_coverings_adjuster.parameters.effect: 0.4279655897891872
