clinical_stratification.non_sympt_infect_multiplier: 0.6172027416516682
clinical_stratification.props.symptomatic.multiplier: 0.9866980059617623
contact_rate: 0.05076733044966979
contact_tracing.assumed_trace_prop: 0.254937748265072
infection_fatality.multiplier: 2.1510002989711667
infectious_seed: 27.39513988452682
sojourn.compartment_periods.icu_early: 9.033049443365764
sojourn.compartment_periods_calculated.active.total_period: 5.05320073156206
sojourn.compartment_periods_calculated.exposed.total_period: 1.813441393259221
target_output_ratio: 0.39127858028844886
testing_to_detection.assumed_cdr_parameter: 0.23773272184474037
victorian_clusters.contact_rate_multiplier_barwon_south_west: 0.7697765550472246
victorian_clusters.contact_rate_multiplier_north_metro: 0.8191572996818194
victorian_clusters.contact_rate_multiplier_regional: 0.6365158655891607
victorian_clusters.contact_rate_multiplier_south_metro: 0.831308577919592
victorian_clusters.contact_rate_multiplier_west_metro: 0.948611574329851
victorian_clusters.intercluster_mixing: 0.012589911523491619
victorian_clusters.metro.mobility.microdistancing.behaviour_adjuster.parameters.effect: 0.18624240051606192
victorian_clusters.metro.mobility.microdistancing.face_coverings_adjuster.parameters.effect: 0.45643951220030693
