clinical_stratification.non_sympt_infect_multiplier: 0.467662115084306
clinical_stratification.props.symptomatic.multiplier: 1.3100281779874385
contact_rate: 0.0532  #0.05778650168035754
contact_tracing.assumed_trace_prop: 0.27244727664387347
infection_fatality.multiplier: 2.771522833911428
infectious_seed: 27.555422272864043
sojourn.compartment_periods.icu_early: 8.01993566522394
sojourn.compartment_periods_calculated.active.total_period: 5.164406386331166
sojourn.compartment_periods_calculated.exposed.total_period: 2.6801587607716595
target_output_ratio: 0.3875938385640856
testing_to_detection.assumed_cdr_parameter: 0.2896421795635888
victorian_clusters.contact_rate_multiplier_barwon_south_west: 0.8324015073390432
victorian_clusters.contact_rate_multiplier_north_metro: 0.9319469584913774
victorian_clusters.contact_rate_multiplier_regional: 0.5692531061127823
victorian_clusters.contact_rate_multiplier_south_metro: 0.7904035514649987
victorian_clusters.contact_rate_multiplier_west_metro: 0.9771598874783463
victorian_clusters.intercluster_mixing: 0.008352162245191651
victorian_clusters.metro.mobility.microdistancing.behaviour_adjuster.parameters.effect: 0.12159243232755343
victorian_clusters.metro.mobility.microdistancing.face_coverings_adjuster.parameters.effect: 0.42569029360509414
