clinical_stratification.non_sympt_infect_multiplier: 0.4941700861422358
clinical_stratification.props.hospital.multiplier: 2.315787725060027
clinical_stratification.props.symptomatic.multiplier: 1.2328276206502278
contact_rate: 0.057584237828581235
contact_tracing.assumed_trace_prop: 0.3163138650915706
infection_fatality.multiplier: 2.617029844756963
infectious_seed: 27.119886425231865
sojourn.compartment_periods.icu_early: 10.457620579730932
sojourn.compartment_periods_calculated.active.total_period: 5.296104721974864
sojourn.compartment_periods_calculated.exposed.total_period: 4.111917536276451
target_output_ratio: 0.3832681323439471
testing_to_detection.assumed_cdr_parameter: 0.31600160070248645
victorian_clusters.contact_rate_multiplier_barwon_south_west: 0.9410913599318717
victorian_clusters.contact_rate_multiplier_north_metro: 0.9666770743952398
victorian_clusters.contact_rate_multiplier_regional: 0.606318178414812
victorian_clusters.contact_rate_multiplier_south_metro: 0.8678409799775483
victorian_clusters.contact_rate_multiplier_west_metro: 1.0645499494265223
victorian_clusters.intercluster_mixing: 0.00924571734900757
victorian_clusters.metro.mobility.microdistancing.behaviour_adjuster.parameters.effect: 0.10743100582870081
victorian_clusters.metro.mobility.microdistancing.face_coverings_adjuster.parameters.effect: 0.384447843522876
