awareness_raising.relative_screening_rate: 1.4695380643738591
contact_rate: 0.004023622031523042
extra_params.rr_progression_diabetes: 4.930084817826507
infect_death_rate_dict.smear_negative: 0.025379656923571074
infect_death_rate_dict.smear_positive: 0.33585848885401354
progression_multiplier: 1.8651545730497934
pt_efficacy: 0.8161103529824378
rr_infection_latent: 0.20017356595542227
rr_infection_recovered: 0.2302867708495227
self_recovery_rate_dict.smear_negative: 0.07300618642684445
self_recovery_rate_dict.smear_positive: 0.24903331544529633
start_population_size: 342.7442152679028
time_variant_tb_screening_rate.inflection_time: 2010.2209122356232
time_variant_tb_screening_rate.shape: 0.07231314274537089
time_variant_tb_screening_rate.upper_asymptote: 0.543506652206727
user_defined_stratifications.location.adjustments.detection.ebeye: 1.9435437876094805
user_defined_stratifications.location.adjustments.detection.other: 1.0609912178598848
