contact_rate: 0.14296305402001036
infectious_seed: 1.3015529705325795

sojourn.compartment_periods_calculated.active.total_period: 5.576906783454961
sojourn.compartment_periods_calculated.exposed.total_period: 6.1867096626290055

testing_to_detection.assumed_cdr_parameter: 0.005628782327250953
mobility.microdistancing.behaviour.parameters.max_effect: 0.6419436416651728

clinical_stratification.props.hospital.multiplier: 0.4351651398555657
# clinical_stratification.props.symptomatic.multiplier: 0.7124252844089431
infection_fatality.multiplier: 0.6609389122972519
clinical_stratification.icu_prop: 0.8890090141647133