contact_rate: 0.14204079684089255
infectious_seed: 1.0190959421330843

sojourn.compartment_periods_calculated.active.total_period: 6.063481421398253
sojourn.compartment_periods_calculated.exposed.total_period: 5.257843188535206

testing_to_detection.assumed_cdr_parameter: 0.0037364261802078367
mobility.microdistancing.behaviour.parameters.max_effect: 0.6711535438025973

clinical_stratification.props.hospital.multiplier: 1.6880039894080126
# clinical_stratification.props.symptomatic.multiplier: 0.7124252844089431
infection_fatality.multiplier: 0.6598752093972936
clinical_stratification.icu_prop: 0.18187707358773753