contact_rate: 0.13382901340022818
infectious_seed: 1.4207483292251712

sojourn.compartment_periods_calculated.active.total_period: 5.75000248904893
sojourn.compartment_periods_calculated.exposed.total_period: 6.418895606308379

testing_to_detection.assumed_cdr_parameter: 0.005050668124225434
mobility.microdistancing.behaviour.parameters.max_effect: 0.6246357954211068

clinical_stratification.props.hospital.multiplier: 1.7898391075692586
# clinical_stratification.props.symptomatic.multiplier: 0.7124252844089431
infection_fatality.multiplier: 0.7151307602621663
clinical_stratification.icu_prop: 0.1984685498546358