contact_rate: 0.1347907161821173
infectious_seed: 1.220127633955587

sojourn.compartment_periods_calculated.active.total_period: 6.211079000754772
sojourn.compartment_periods_calculated.exposed.total_period: 6.106148955275688

testing_to_detection.assumed_cdr_parameter: 0.004444471247465659
mobility.microdistancing.behaviour.parameters.max_effect: 0.6384621989029119

clinical_stratification.props.hospital.multiplier: 0.3840445741757301
# clinical_stratification.props.symptomatic.multiplier: 0.7124252844089431
infection_fatality.multiplier: 0.6507472767739503
clinical_stratification.icu_prop: 0.8281172630547953