contact_rate: 0.11747061343600543
infectious_seed: 1.328536908662501

sojourn.compartment_periods_calculated.active.total_period: 7.062779037426315
sojourn.compartment_periods_calculated.exposed.total_period: 6.798995209893796

testing_to_detection.assumed_cdr_parameter: 0.00652508947849357
mobility.microdistancing.behaviour.parameters.max_effect: 0.5750557124410908

clinical_stratification.props.hospital.multiplier: 0.42492717030822813
# clinical_stratification.props.symptomatic.multiplier: 0.7124252844089431
infection_fatality.multiplier: 0.7019085019718311
clinical_stratification.icu_prop: 0.870857711978308