contact_rate: 0.2345962736042974
infectious_seed: 5.291901083194286

sojourn.compartment_periods_calculated.active.total_period: 7.390232428638164
sojourn.compartment_periods_calculated.exposed.total_period: 6.551935665754223

testing_to_detection.assumed_cdr_parameter: 0.0007115397997933707
mobility.microdistancing.behaviour.parameters.max_effect: 0.3368765191538499

clinical_stratification.props.hospital.multiplier: 0.3332074028302763
# clinical_stratification.props.symptomatic.multiplier: 0.7124252844089431
infection_fatality.multiplier: 0.7194064562456415
clinical_stratification.icu_prop: 0.14979699627299997
