accum_deaths_dispersion_param: 4.5268246811521005
clinical_stratification.props.hospital.multiplier: 0.7000457992425776
clinical_stratification.props.symptomatic.multiplier: 0.9302051743775908
contact_rate: 0.033  #0.032314471898284354
icu_occupancy_dispersion_param: 3.0002589138536027
infection_fatality.multiplier: 0.9111693766807392
infectious_seed: 59.19411841385869
mobility.microdistancing.behaviour.parameters.max_effect: 0.23042593298927408
mobility.microdistancing.behaviour_adjuster.parameters.inflection_time: 424.0844240506884
mobility.microdistancing.behaviour_adjuster.parameters.lower_asymptote: 0.8459848426348966
notifications_dispersion_param: 2.569031202199214
sojourn.compartment_periods_calculated.active.total_period: 5.1035194770046
sojourn.compartment_periods_calculated.exposed.total_period: 7.085077282219337
testing_to_detection.assumed_cdr_parameter: 0.19956504508101225
voc_emmergence.end_time: 650
