accum_deaths_dispersion_param: 3.8951029115455107
clinical_stratification.props.hospital.multiplier: 1.280724006745372
clinical_stratification.props.symptomatic.multiplier: 1.051792675324211
contact_rate: 0.032529927341215376
icu_occupancy_dispersion_param: 3.5985276355126965
infection_fatality.multiplier: 0.5783399231663123
infectious_seed: 17.45684092919776
mobility.microdistancing.behaviour.parameters.max_effect: 0.2729425024320786
mobility.microdistancing.behaviour_adjuster.parameters.inflection_time: 407.19479102349453
mobility.microdistancing.behaviour_adjuster.parameters.lower_asymptote: 0.9967628247419038
notifications_dispersion_param: 3.4379423279313066
sojourn.compartment_periods_calculated.active.total_period: 6.668627164635498
sojourn.compartment_periods_calculated.exposed.total_period: 5.538236343969
testing_to_detection.assumed_cdr_parameter: 0.19982882080205092
voc_emmergence.final_proportion: 0.0021394229385474045
