accum_deaths_dispersion_param: 1.5961494978099504
clinical_stratification.props.hospital.multiplier: 0.8985677037868467
clinical_stratification.props.symptomatic.multiplier: 1.5 #0.8397566973337302
contact_rate: .0293  #0.03257252379802061
icu_occupancy_dispersion_param: 3.832808482879248
infection_fatality.multiplier: .7 #0.8675667122836686
infectious_seed: 28.678497603526885
mobility.microdistancing.behaviour.parameters.max_effect: 0.2706940197981064
notifications_dispersion_param: 1.4196862336719414
sojourn.compartment_periods_calculated.active.total_period: 6.618527101154251
sojourn.compartment_periods_calculated.exposed.total_period: 6.164913433997207
testing_to_detection.assumed_cdr_parameter: 0.20
voc_emmergence.final_proportion: 0.0
