contact_rate: 0.00037379404418953766
infection_duration: 0.020787982525624304
infectious_seed: 11.349174165468959
