contact_rate: 0.00047283916070005316
sojourns.active.total_time: 0.08098970530340077
infectious_seed: 10.730446997517888
testing_to_detection.assumed_cdr_parameter: 0.005323517820209192
immunity_stratification.prop_high_among_immune: 0.009821078558064772
