contact_rate: 1.1976295794160347e-05
sojourn.active: 0.006739692552370613
infectious_seed: 9.510252217180309
