contact_rate: 0.0002823333965644159
infection_duration: 0.022005545966500062
infectious_seed: 11.374503826968684
