case_detection.end_value: 0.617545432111155
case_detection.max_change_time: 108.23445783406756
case_detection.maximum_gradient: 0.037453821870990195
case_detection.start_value: 0.0636868697629759
clinical_stratification.props.hospital.multiplier: 1.4303606127913762
clinical_stratification.props.symptomatic.multiplier: 0.6160468026249258
contact_rate: 0.03812074761194924
elderly_mixing_reduction.relative_reduction: 0.32347731451585
infection_deaths_dispersion_param: 26.316502113103574
infection_fatality.multiplier: 3.5879019500898095
mobility.microdistancing.behaviour.parameters.c: 93.05900564773466
mobility.microdistancing.behaviour.parameters.upper_asymptote: 0.5647871697394102
mobility.microdistancing.behaviour_adjuster.parameters.c: 167.2893915414321
mobility.microdistancing.behaviour_adjuster.parameters.sigma: 0.4041875207814964
new_hospital_admissions_dispersion_param: 42.80525402743154
notifications_dispersion_param: 175.3849980176755
sojourn.compartment_periods_calculated.active.total_period: 6.119246566543584
sojourn.compartment_periods_calculated.exposed.total_period: 4.905798593571491
time.start: 31.940082953554352
