case_detection.end_value: 0.6303543434699678
case_detection.max_change_time: 217.46915494038458
case_detection.maximum_gradient: 0.07169873108198424
case_detection.start_value: 0.13870640108176455
clinical_stratification.props.hospital.multiplier: 0.6095346849038571
clinical_stratification.props.symptomatic.multiplier: 0.6982136863008266
contact_rate: 0.03829860607851446
infection_deaths_dispersion_param: 20.934856846144086
infection_fatality.multiplier: 2.9186161145425777
mobility.microdistancing.behaviour.parameters.c: 87.39980994644067
mobility.microdistancing.behaviour.parameters.upper_asymptote: 0.5147362720488999
mobility.microdistancing.behaviour_adjuster.parameters.c: 177.22405756464465
mobility.microdistancing.behaviour_adjuster.parameters.sigma: 0.43141292060916087
new_hospital_admissions_dispersion_param: 49.746470386612685
notifications_dispersion_param: 229.58247094189457
sojourn.compartment_periods.hospital_late: 8.984461622485872
sojourn.compartment_periods.icu_late: 3.9809088618610082
sojourn.compartment_periods_calculated.active.total_period: 5.601823116362453
sojourn.compartment_periods_calculated.exposed.total_period: 5.368294932786435
time.start: 27.24228332656271
