age_stratification.cfr.multiplier: 0.014467813498122442
age_stratification.prop_hospital.multiplier: 0.029941285153564333
contact_rate: 0.0498647600139456
testing_to_detection.assumed_cdr_parameter: 0.008576418727488655
voc_emergence.omicron.contact_rate_multiplier: 3.1816425948032876
voc_emergence.omicron.new_voc_seed.start_time: 502.8645678437273