age_stratification.cfr.multiplier: 0.01313187487670266
age_stratification.prop_hospital.multiplier: 0.0208502050015184
contact_rate: 0.05321613764764606
testing_to_detection.assumed_cdr_parameter: 0.005769216157676041
voc_emergence.omicron.contact_rate_multiplier: 3.4867686985701822
voc_emergence.omicron.new_voc_seed.start_time: 666.9188314623934