accum_deaths_dispersion_param: 4.9893219378076425
clinical_stratification.props.hospital.multiplier: 1.3994656779221457
clinical_stratification.props.symptomatic.multiplier: 1.1439422510641877
contact_rate: 0.02811495049245889
icu_occupancy_dispersion_param: 4.657290363569995
infection_fatality.multiplier: 1.2312251902402704
infectious_seed: 98.11020844039534
mobility.microdistancing.behaviour.parameters.max_effect: 0.1479484508791814
notifications_dispersion_param: 1.540913705220423
sojourn.compartment_periods_calculated.active.total_period: 6.807911076246197
sojourn.compartment_periods_calculated.exposed.total_period: 5.436702686057801
testing_to_detection.assumed_cdr_parameter: 0.08316144454520263
