accum_deaths_dispersion_param: 4.881399254426424
clinical_stratification.props.hospital.multiplier: 1.1146446708418045
clinical_stratification.props.symptomatic.multiplier: 0.8189722455420176
contact_rate: 0.030061740552425456
icu_occupancy_dispersion_param: 3.8486652627881694
infection_fatality.multiplier: 1.2344854872141198
infectious_seed: 97.81098761191238
mobility.microdistancing.behaviour.parameters.max_effect: 0.11428784491474506
mobility.microdistancing.behaviour_adjuster.parameters.inflection_time: 400.73246470565726
mobility.microdistancing.behaviour_adjuster.parameters.lower_asymptote: 0.9894353723113664
notifications_dispersion_param: 3.592967959120546
sojourn.compartment_periods_calculated.active.total_period: 6.155938038924033
sojourn.compartment_periods_calculated.exposed.total_period: 4.9279660776430845
testing_to_detection.assumed_cdr_parameter: 0.1710753431202138
