age_stratification.cfr.multiplier: 0.0306038001232211
contact_rate: 0.0506333696798385
