contact_rate: 0.46914530273886434
extra_params.rr_progression_diabetes: 4.985930888563858
infect_death_rate_dict.smear_negative: 0.017017657275730444
infect_death_rate_dict.smear_positive: 0.3350578140434921
late_reactivation_multiplier: 2.9883488830364646
notificationsXlocation_ebeye_dispersion_param: 6.60563599298462
notificationsXlocation_majuro_dispersion_param: 14.103117821023472
pt_efficacy: 0.8221640965157457
rr_infection_recovered: 0.7430627658453937
self_recovery_rate_dict.smear_negative: 0.07300972181832718
self_recovery_rate_dict.smear_positive: 0.18010053134566398
start_population_size: 288.6619346356417
time_variant_tb_screening_rate.end_value: 0.40394818426669704
time_variant_tb_screening_rate.max_change_time: 2011.6220620830402
time_variant_tb_screening_rate.maximum_gradient: 0.09497819494934702
user_defined_stratifications.location.adjustments.detection_rate.ebeye: 1.9848638676342114
user_defined_stratifications.location.adjustments.detection_rate.other: 1.0579504800735609
