contact_rate: .4 #355487790511775
extra_params.rr_progression_diabetes: 5. #3.6893273716776798
infect_death_rate_dict.smear_negative: 0.015 #0.030747449985565743
infect_death_rate_dict.smear_positive: 0.3  #4198816983420673
late_reactivation_multiplier: 3.
notificationsXlocation_ebeye_dispersion_param: 6.513874925338711
notificationsXlocation_majuro_dispersion_param: 12.737974525037194
pt_efficacy: 0.8356124972692076
rr_infection_recovered: 1.7176090514715712
self_recovery_rate_dict.smear_negative: 0.05
self_recovery_rate_dict.smear_positive: 0.15
start_population_size: 400 # 2256.0075836922
time_variant_tb_screening_rate.end_value: 0.4214756681055072
time_variant_tb_screening_rate.max_change_time: 2010.6629667669697
time_variant_tb_screening_rate.maximum_gradient: 0.09295364715195696
user_defined_stratifications.location.adjustments.detection_rate.ebeye: 1.8897441121758078
user_defined_stratifications.location.adjustments.detection_rate.other: 0.5135602158104506
