clinical_stratification.non_sympt_infect_multiplier: 0.0020982991804583406
clinical_stratification.props.hospital.multiplier: 0.4306251844348099
clinical_stratification.props.symptomatic.multiplier: 0.036833624624346306
contact_rate: 7.277208967811782e-05
contact_tracing.assumed_trace_prop: 0.04679428983921441
infection_fatality.top_bracket_overwrite: 0.04943415099711988
infectious_seed: 1.8185420569113813
sojourn.compartment_periods.icu_early: 2.3781359465094694
sojourn.compartment_periods_calculated.active.total_period: 0.047742686344705465
sojourn.compartment_periods_calculated.exposed.total_period: 0.1788486608236748
target_output_ratio: 0.2578170138839997
testing_to_detection.assumed_cdr_parameter: 0.005973810492992421
victorian_clusters.contact_rate_multiplier_barwon_south_west: 0.0469350348987525
victorian_clusters.contact_rate_multiplier_north_metro: 0.003329112020944547
victorian_clusters.contact_rate_multiplier_regional: 0.054007528852057285
victorian_clusters.contact_rate_multiplier_south_metro: 0.008337299477323201
victorian_clusters.intercluster_mixing: 0.001783061240913925
victorian_clusters.metro.mobility.microdistancing.behaviour_adjuster.parameters.effect: 0.006726333561597783
victorian_clusters.metro.mobility.microdistancing.face_coverings_adjuster.parameters.effect: 0.007033111698942912
