contact_rate: 0.055
infectious_seed: 200.
sojourn.compartment_periods_calculated.active.total_period: 5.346605423038365
sojourn.compartment_periods_calculated.exposed.total_period: 2.9765522444285235
testing_to_detection.assumed_cdr_parameter: 0.009400011225504823
waning_immunity_duration: 649.0992180352991