contact_rate: 0.06113142498974964
infectious_seed: 224.0630586579048
mobility.microdistancing.behaviour.parameters.end_asymptote: 0.21594467053816602
sojourn.compartment_periods_calculated.active.total_period: 5.893189063266584
sojourn.compartment_periods_calculated.exposed.total_period: 3.785444034583536
testing_to_detection.assumed_cdr_parameter: 0.005200238714239038
vaccination.vacc_part_effect_duration: 308.3633685328718
voc_emergence.delta.contact_rate_multiplier: 1.9234557485884527
waning_immunity_duration: 720.949390899345