contact_rate: 0.06324987793496575
infectious_seed: 229.74234681850788
mobility.microdistancing.behaviour.parameters.end_asymptote: 0.22630787273432743
sojourn.compartment_periods_calculated.active.total_period: 5.658986349617629
sojourn.compartment_periods_calculated.exposed.total_period: 3.9474659941233035
testing_to_detection.assumed_cdr_parameter: 0.004201334746601241
vaccination.vacc_part_effect_duration: 268.3423978048686
voc_emergence.delta.contact_rate_multiplier: 1.9735216175329395
history.natural_immunity_duration: 707.2924815693829