contact_rate: 0.05058413670217955
infectious_seed: 76.05815756439523
sojourn.compartment_periods_calculated.active.total_period: 5.268566261109811
sojourn.compartment_periods_calculated.exposed.total_period: 3.9257788809663756
testing_to_detection.assumed_cdr_parameter: 0.015
waning_immunity_duration: 627.3045456192065