contact_rate: 0.07009589405991787
infectious_seed: 266.7876330469702
sojourn.compartment_periods_calculated.active.total_period: 4.60093995775132
sojourn.compartment_periods_calculated.exposed.total_period: 2.979524360912163
testing_to_detection.assumed_cdr_parameter: 0.0061331644976567665
voc_emergence.delta.contact_rate_multiplier: 1.8632762310268762
voc_emergence.delta.start_time: 377.57777836021023