contact_rate: 0.05788428756462187
history.natural_immunity_duration: 313.9467335759691
infectious_seed: 145.72555602312647
mobility.microdistancing.behaviour.parameters.end_asymptote: 0.27247337010927775
sojourn.compartment_periods_calculated.active.total_period: 6.87381878499561
sojourn.compartment_periods_calculated.exposed.total_period: 4.14409141525734
testing_to_detection.assumed_cdr_parameter: 0.004704962202943432
vaccination.vacc_part_effect_duration: 330.6846791853581
voc_emergence.delta.contact_rate_multiplier: 2.1417303882390497
voc_emergence.delta.start_time: 322.130120998824