contact_rate: 0.0600124444128281
history.natural_immunity_duration: 361.72760411861896
infectious_seed: 130.4599572451446
mobility.microdistancing.behaviour.parameters.end_asymptote: 0.27820792319680776
sojourn.compartment_periods_calculated.active.total_period: 7.123952162283185
sojourn.compartment_periods_calculated.exposed.total_period: 3.7631268218033918
testing_to_detection.assumed_cdr_parameter: 0.004409651595986571
vaccination.vacc_part_effect_duration: 349.41180108717367
voc_emergence.delta.contact_rate_multiplier: 2.1582183840802505
voc_emergence.delta.start_time: 326.