contact_rate: 0.06010170441729093
infectious_seed: 310.4825533781075
mobility.microdistancing.behaviour.parameters.end_asymptote: 0.22347548021624541
sojourn.compartment_periods_calculated.active.total_period: 5.808679834635213
sojourn.compartment_periods_calculated.exposed.total_period: 3.969216138443194
testing_to_detection.assumed_cdr_parameter: 0.004280699621229345
vaccination.vacc_part_effect_duration: 196.08307490382157
voc_emergence.delta.contact_rate_multiplier: 1.9570017169726015
waning_immunity_duration: 712.9324239166419