contact_rate: 0.05019860789980081
infectious_seed: 301.75601718230314
mobility.microdistancing.behaviour.parameters.end_asymptote: 0.2190868128434496
sojourn.compartment_periods_calculated.active.total_period: 6.681319246386329
sojourn.compartment_periods_calculated.exposed.total_period: 1.7139376636644963
testing_to_detection.assumed_cdr_parameter: 0.005024959192400513
voc_emergence.delta.contact_rate_multiplier: 1.9056225483268927
waning_immunity_duration: 664.7091613893161