contact_rate: 0.058727450990251104
infectious_seed: 173.6876198743476
mobility.microdistancing.behaviour.parameters.end_asymptote: 0.24318850380648308
sojourn.compartment_periods_calculated.active.total_period: 6.619776277418135
sojourn.compartment_periods_calculated.exposed.total_period: 4.273104511366412
testing_to_detection.assumed_cdr_parameter: 0.00517695639159615
vaccination.vacc_part_effect_duration: 297.0309663288906
voc_emergence.delta.contact_rate_multiplier: 1.829733574409783
voc_emergence.delta.start_time: 400.
history.natural_immunity_duration: 350.