contact_rate: 0.06222150368546589
infectious_seed: 318.84308792758287
mobility.microdistancing.behaviour.parameters.end_asymptote: 0.2268249242851839
sojourn.compartment_periods_calculated.active.total_period: 5.658278797013388
sojourn.compartment_periods_calculated.exposed.total_period: 4.122047372811064
testing_to_detection.assumed_cdr_parameter: 0.004310142848507702
vaccination.vacc_part_effect_duration: 231.51809953016473
voc_emergence.delta.contact_rate_multiplier: 2.0051528259820732
waning_immunity_duration: 694.7935002557111