contact_rate: 0.18977400754038204
infectious_seed: 14.370394114867509

sojourn.compartment_periods_calculated.active.total_period: 4.7060288470817335
sojourn.compartment_periods_calculated.exposed.total_period: 1.4995687248664726

testing_to_detection.assumed_cdr_parameter: 0.003912493314116321

mobility.microdistancing.behaviour.parameters.max_effect: 0.021584615973815162

clinical_stratification.props.hospital.multiplier: 1.91655171614373
clinical_stratification.props.symptomatic.multiplier: 1.90266396628163
infection_fatality.multiplier: 2.407957228094271