contact_rate: 0.05456950175507507 #5
infectious_seed: 19.784639715853512

sojourn.compartment_periods_calculated.active.total_period: 10.006030304273022
sojourn.compartment_periods_calculated.exposed.total_period: 3.249920316004166

testing_to_detection.assumed_cdr_parameter: 0.006587817059808853

mobility.microdistancing.behaviour.parameters.max_effect: 0.11396536464570488

clinical_stratification.props.hospital.multiplier: 0.8741258123639072
clinical_stratification.props.symptomatic.multiplier: 0.9907327046853409
infection_fatality.multiplier: 1.9342468379467037
