contact_rate: 0.09113513053735135 #5
infectious_seed: 5.414046572089796

sojourn.compartment_periods_calculated.active.total_period: 7.879665031417727
sojourn.compartment_periods_calculated.exposed.total_period: 1.1982320352715108

testing_to_detection.assumed_cdr_parameter: 0.011033715921258378

mobility.microdistancing.behaviour.parameters.max_effect: 0.2729688840244324

clinical_stratification.props.hospital.multiplier: 2.3376633496349895
clinical_stratification.props.symptomatic.multiplier: 0.7037516211609457
infection_fatality.multiplier: 1.798038072998755
