contact_rate: 0.15090822923108357
infectious_seed: 62.68333142253883

sojourn.compartment_periods_calculated.active.total_period: 6.992234751438362
sojourn.compartment_periods_calculated.exposed.total_period: 9.604175808663202

testing_to_detection.assumed_cdr_parameter: 0.009045506042531681

mobility.microdistancing.behaviour.parameters.max_effect: 0.10086892293492497

clinical_stratification.props.hospital.multiplier: 2.1307916263790143
clinical_stratification.props.symptomatic.multiplier: 1.3027054500412207
infection_fatality.multiplier: 2.9827242521347745