contact_rate: 0.14281484960736052
infectious_seed: 100.7856758565593

sojourn.compartment_periods_calculated.active.total_period: 8.864603203411502
sojourn.compartment_periods_calculated.exposed.total_period: 10.468696906558725

testing_to_detection.assumed_cdr_parameter: 0.006046636335227014

mobility.microdistancing.behaviour.parameters.max_effect: 0.14265145904483673

clinical_stratification.props.hospital.multiplier: 3.3881298702267473
clinical_stratification.props.symptomatic.multiplier: 1.0779991956296682
infection_fatality.multiplier: 2.9722821720456163
