contact_rate: 0.18977400754038204
infectious_seed: 14.370394114867509

testing_to_detection.assumed_cdr_parameter: 0.003912493314116321

mobility.microdistancing.behaviour.parameters.max_effect: 0.021584615973815162