contact_rate: 0.08069815993903336
infectious_seed: 7.758722640454247

sojourn.compartment_periods_calculated.active.total_period: 6.119067147974725
sojourn.compartment_periods_calculated.exposed.total_period: 2.198920442291927

testing_to_detection.assumed_cdr_parameter: 0.019380072347913353

mobility.microdistancing.behaviour.parameters.max_effect: 0.07289926625040954

clinical_stratification.props.hospital.multiplier: 1.0631090552166598
clinical_stratification.props.symptomatic.multiplier: 1.8301250464795675
infection_fatality.multiplier: 2.1599585391347405