contact_rate: 0.15749120134331224
infectious_seed: 25.787921836382452

# sojourn.compartment_periods_calculated.active.total_period: 6.855433827625373
# sojourn.compartment_periods_calculated.exposed.total_period: 1.0063675058764643

testing_to_detection.assumed_cdr_parameter: 0.0009643971307438754
mobility.microdistancing.behaviour.parameters.max_effect: 0.021433090336814332

clinical_stratification.props.hospital.multiplier: 0.6092356762910527
clinical_stratification.props.symptomatic.multiplier: 0.4503141398374767
infection_fatality.multiplier: 0.671629148978709
clinical_stratification.icu_prop: 0.1236089365920243

history.natural_immunity_duration: 90.