contact_rate: 0.1346624378135085
infectious_seed: 2.0489711747312236

sojourn.compartment_periods_calculated.active.total_period: 6.908992872055623
sojourn.compartment_periods_calculated.exposed.total_period: 6.505080297039737

testing_to_detection.assumed_cdr_parameter: 0.014787867843888317

mobility.microdistancing.behaviour.parameters.max_effect: 0.133348767293334

clinical_stratification.props.hospital.multiplier: 1.2257652425873309
clinical_stratification.props.symptomatic.multiplier: 1.1627038185822667
infection_fatality.multiplier: 16.2638456255296