contact_rate: 0.10897670421058701 #5
infectious_seed: 38.90863370031433

sojourn.compartment_periods_calculated.active.total_period: 9.146095194654421
sojourn.compartment_periods_calculated.exposed.total_period: 7.540059140815843

testing_to_detection.assumed_cdr_parameter: 0.015004154586310839

mobility.microdistancing.behaviour.parameters.max_effect: 0.1790084327576068

clinical_stratification.props.hospital.multiplier: 2.85952267142357
clinical_stratification.props.symptomatic.multiplier: 0.8296996744925581
infection_fatality.multiplier: 2.849154607592925