contact_rate: 0.05487752770832917 #5
infectious_seed: 19.69605560516138

sojourn.compartment_periods_calculated.active.total_period: 6.704122913918592
sojourn.compartment_periods_calculated.exposed.total_period: 4.099998283388753

testing_to_detection.assumed_cdr_parameter: 0.006997466742344525

mobility.microdistancing.behaviour.parameters.max_effect: 0.10072762741247322

clinical_stratification.props.hospital.multiplier: 1.9343183966998998
clinical_stratification.props.symptomatic.multiplier: 1.0937424298371083
infection_fatality.multiplier: 1.8926293066340305
