contact_rate: 0.09472024015734587 #5
infectious_seed: 9.557096631171591

sojourn.compartment_periods_calculated.active.total_period: 6.911077926412464
sojourn.compartment_periods_calculated.exposed.total_period: 1.1951770489360602

testing_to_detection.assumed_cdr_parameter: 0.013471190649943912

mobility.microdistancing.behaviour.parameters.max_effect: 0.26077462028262155

clinical_stratification.props.hospital.multiplier: 2.471153541618756
clinical_stratification.props.symptomatic.multiplier: 0.7236355326461654
infection_fatality.multiplier: 2.206634807494266
