awareness_raising.relative_screening_rate: 1.4999906587440042
contact_rate: 0.019263284160397152
extra_params.rr_progression_diabetes: 4.999419799275156
infect_death_rate_dict.smear_negative: 0.018197381805208267
infect_death_rate_dict.smear_positive: 0.3350153421749806
progression_multiplier: 0.5156098292916622
pt_efficacy: 0.7506471236419787
rr_infection_latent: 0.49949751859185454
rr_infection_recovered: 0.9786408993480136
self_recovery_rate_dict.smear_negative: 0.18167813828498003
self_recovery_rate_dict.smear_positive: 0.17767729333058593
start_population_size: 39892.06108667911
time_variant_tb_screening_rate.end_asymptote: 0.5476808330700196
time_variant_tb_screening_rate.inflection_time: 2007.3532154812829
time_variant_tb_screening_rate.shape: 0.0702478642076206
user_defined_stratifications.location.adjustments.detection.other: 1.4783156862688078
user_defined_stratifications.location.adjustments.detection.starawa: 1.9722096066201154
