awareness_raising.relative_screening_rate: 1.4965391613204737
contact_rate: 0.0045133689455949776
extra_params.rr_progression_diabetes: 4.978081673023814
infect_death_rate_dict.smear_negative: 0.017354982669629558
infect_death_rate_dict.smear_positive: 0.350933941823526
progression_multiplier: 1.8750423909437173
pt_efficacy: 0.8255634433150905
rr_infection_latent: 0.27693707043695104
rr_infection_recovered: 0.730244708830619
self_recovery_rate_dict.smear_negative: 0.07301813583575134
self_recovery_rate_dict.smear_positive: 0.19506059053738517
start_population_size: 475.2006687752593
time_variant_tb_screening_rate.inflection_time: 2008.3102864648417
time_variant_tb_screening_rate.shape: 0.0720379843196363
time_variant_tb_screening_rate.end_asymptote: 0.5182331454299925
user_defined_stratifications.location.adjustments.detection.tarawa: 1.841245843121675
user_defined_stratifications.location.adjustments.detection.other: 1.4805171201467524
