awareness_raising.relative_screening_rate: 1.4994109388481909
contact_rate: 0.015283484179206852
crude_birth_rate: 5.423643264014854
extra_params.rr_progression_diabetes: 4.950640724104401
infect_death_rate_dict.smear_negative: 0.0183125590824399
infect_death_rate_dict.smear_positive: 0.3377457509276817
progression_multiplier: 0.5122376166202453
pt_efficacy: 0.750325037782974
rr_infection_latent: 0.4997442552232033
rr_infection_recovered: 0.9876527854739028
self_recovery_rate_dict.smear_negative: 0.20747002899065214
self_recovery_rate_dict.smear_positive: 0.26326916537586453
start_population_size: 792.0580286886018
time_variant_tb_screening_rate.end_asymptote: 0.549855544222664
time_variant_tb_screening_rate.inflection_time: 2000.0418229393067
time_variant_tb_screening_rate.shape: 0.09601831191712473
