awareness_raising.relative_screening_rate: 1.4802837091096883
contact_rate: 0.01920250345670326
crude_birth_rate: 6.962390783399638
extra_params.rr_progression_diabetes: 4.996852079515954
infect_death_rate_dict.smear_negative: 0.022083643645370184
infect_death_rate_dict.smear_positive: 0.33604203304292607
progression_multiplier: 0.5166591507190516
pt_efficacy: 0.7500354738273862
rr_infection_latent: 0.49991644289550646
rr_infection_recovered: 0.9967737759355608
self_recovery_rate_dict.smear_negative: 0.20760953143441907
self_recovery_rate_dict.smear_positive: 0.17713238579202217
start_population_size: 39993.70390615376
time_variant_tb_screening_rate.end_asymptote: 0.5475250599197874
time_variant_tb_screening_rate.inflection_time: 2006.2182065369132
time_variant_tb_screening_rate.shape: 0.07003785380689617
