<<<<<<< HEAD
awareness_raising.relative_screening_rate: 1.4964508416534898
contact_rate: 0.01734319755164794
extra_params.rr_progression_diabetes: 4.99958854909664
infect_death_rate_dict.smear_negative: 0.0248197155758489
infect_death_rate_dict.smear_positive: 0.43319371564471154
progression_multiplier: 0.5566780183084636
pt_efficacy: 0.7539909224185241
rr_infection_latent: 0.44621280921397344
rr_infection_recovered: 0.9999851731245883
self_recovery_rate_dict.smear_negative: 0.20830345167713693
self_recovery_rate_dict.smear_positive: 0.19635341242875784
start_population_size: 39239.43528215999
time_variant_tb_screening_rate.end_asymptote: 0.4011743686160512
time_variant_tb_screening_rate.inflection_time: 2000.0155467021916
time_variant_tb_screening_rate.shape: 0.07146584022470649
user_defined_stratifications.location.adjustments.detection.other: 1.3734370677175454
user_defined_stratifications.location.adjustments.detection.starawa: 1.9957177399729944
=======
awareness_raising.relative_screening_rate: 1.497381391371027
contact_rate: 0.014403989434108647
crude_birth_rate: 6.886807191139985
extra_params.rr_progression_diabetes: 4.971835973721484
infect_death_rate_dict.smear_negative: 0.01936084956027179
infect_death_rate_dict.smear_positive: 0.34204965551135547
progression_multiplier: 0.5135411893928453
pt_efficacy: 0.7500903100333958
rr_infection_latent: 0.4997875360850858
rr_infection_recovered: 0.9001187278778937
self_recovery_rate_dict.smear_negative: 0.20358306745774962
self_recovery_rate_dict.smear_positive: 0.20944361693489505
start_population_size: 799.7767421110636
time_variant_tb_screening_rate.end_asymptote: 0.5487845926097907
time_variant_tb_screening_rate.inflection_time: 2000.0097278025296
time_variant_tb_screening_rate.shape: 0.09873119721604162
>>>>>>> 70cf7bb5927436da8b8bdee1f07f7a40a8ca511e
