contact_rate: 0.00046563064692055345
testing_to_detection.assumed_cdr_parameter: 0.07921501438684983
infectious_seed: 0.10626440751000121
clinical_stratification.props.hospital.multiplier: 0.2549634203198822
voc_emergence.voc_strain(0).voc_components.start_time: 16.909267027978643
