clinical_stratification.icu_prop: 0.22118290813228195
clinical_stratification.non_sympt_infect_multiplier: 0.3857768711298092
clinical_stratification.props.hospital.multiplier: 0.7941775587568923
clinical_stratification.props.symptomatic.multiplier: 1.5135219508767888
contact_rate: 0.03446709169182245
infection_deaths_dispersion_param: 0.7161826904105082
infectious_seed: 110.62041407018785
mobility.microdistancing.behaviour.parameters.upper_asymptote: 0.2701189190554558
notifications_dispersion_param: 126.4485589404112
sojourn.compartment_periods_calculated.active.total_period: 5.418448538264194
sojourn.compartment_periods_calculated.exposed.total_period: 5.765464465650991
testing_to_detection.assumed_cdr_parameter: 0.04811070982173664
vaccination.overall_efficacy: 0.7592696490704094
vaccination.vacc_prop_prevent_infection: 0.6595684941728035
voc_emergence.alpha_beta.contact_rate_multiplier: 2.0735808555310538
voc_emergence.alpha_beta.start_time: 478.27201441272337
vaccination.coverage_override: 0.5
