clinical_stratification.icu_prop: 0.1435401048647009
clinical_stratification.non_sympt_infect_multiplier: 0.1540776629141976
clinical_stratification.props.symptomatic.multiplier: 1.2403156669050688
contact_rate: 0.04763001353221497
infectious_seed: 118.73496733416258
mobility.microdistancing.behaviour.parameters.upper_asymptote: 0.5511047128628477
notifications_dispersion_param: 135.1491022940205
sojourn.compartment_periods_calculated.active.total_period: 6.861329056320839
sojourn.compartment_periods_calculated.exposed.total_period: 5.207381178431808
testing_to_detection.assumed_cdr_parameter: 0.07084304360094976
vaccination.vacc_prop_prevent_infection: 0.5991803367495789
voc_emergence.alpha_beta.contact_rate_multiplier: 1.7884350293073021
voc_emergence.alpha_beta.start_time: 379.4716548902709