clinical_stratification.icu_prop: 0.1431691560318272
clinical_stratification.non_sympt_infect_multiplier: 0.3188134226866469
clinical_stratification.props.hospital.multiplier: 1.1420569671711462
clinical_stratification.props.symptomatic.multiplier: 1.4837229851330243
contact_rate: 0.040558271141375835
infectious_seed: 84.1961927699492
mobility.microdistancing.behaviour.parameters.upper_asymptote: 0.3875314162821253
notifications_dispersion_param: 124.45941386852876
sojourn.compartment_periods_calculated.active.total_period: 4.961371269388216
sojourn.compartment_periods_calculated.exposed.total_period: 4.895756995626462
testing_to_detection.assumed_cdr_parameter: 0.031989444225833635
vaccination.vacc_prop_prevent_infection: 0.5781396806798259
voc_emergence.alpha_beta.contact_rate_multiplier: 1.5994995613016387
voc_emergence.alpha_beta.start_time: 399.28781446078136