clinical_stratification.icu_prop: 0.17042574106146074
clinical_stratification.non_sympt_infect_multiplier: 0.41566543491561025
clinical_stratification.props.symptomatic.multiplier: 1.706868604695783
contact_rate: 0.03242096813250996
infection_fatality.multiplier: 1.6527788984931475
infectious_seed: 22.073949565661614
mobility.microdistancing.behaviour.parameters.upper_asymptote: 0.2654546668619244
notifications_dispersion_param: 133.81085750960716
sojourn.compartment_periods_calculated.active.total_period: 6.229219450181535
sojourn.compartment_periods_calculated.exposed.total_period: 3.695864407519916
testing_to_detection.assumed_cdr_parameter: 0.052318583656878845
vaccination.coverage_override: 0.12079289700889062
vaccination.overall_efficacy: 0.8975965348225624
vaccination.vacc_prop_prevent_infection: 0.7537043972619982
voc_emergence.alpha_beta.start_time: 290.42609009765346