clinical_stratification.icu_prop: 0.12314318683261345
clinical_stratification.non_sympt_infect_multiplier: 0.47675611899272935
clinical_stratification.props.symptomatic.multiplier: 1.2676667840006275
contact_rate: 0.032887984716370444
infection_fatality.multiplier: 1.381886882152807
infectious_seed: 48.179325388836915
mobility.microdistancing.behaviour.parameters.upper_asymptote: 0.34751875662273635
notifications_dispersion_param: 135.98467138469806
sojourn.compartment_periods_calculated.active.total_period: 6.146819594994637
sojourn.compartment_periods_calculated.exposed.total_period: 4.054756370727552
testing_to_detection.assumed_cdr_parameter: 0.05644194484373514
vaccination.coverage_override: 0.5973802102791473
vaccination.overall_efficacy: 0.4065082466894394
vaccination.vacc_prop_prevent_infection: 0.6927684928238299
voc_emergence.alpha_beta.start_time: 301.26848168464056