clinical_stratification.icu_prop: 0.15224331566244578
clinical_stratification.non_sympt_infect_multiplier: 0.3363581197024481
clinical_stratification.props.symptomatic.multiplier: 1.1819072505639157
contact_rate: 0.036472673871763006
infection_fatality.multiplier: 1.3504587746475605
infectious_seed: 152.92526139029513
mobility.microdistancing.behaviour.parameters.upper_asymptote: 0.5666930692669423
notifications_dispersion_param: 133.65339543901428
sojourn.compartment_periods_calculated.active.total_period: 6.420902588492728
sojourn.compartment_periods_calculated.exposed.total_period: 4.783141114086675
testing_to_detection.assumed_cdr_parameter: 0.037502745148918416
vaccination.vacc_prop_prevent_infection: 0.634851077131927
voc_emergence.alpha_beta.contact_rate_multiplier: 1.779445231820086
voc_emergence.alpha_beta.start_time: 415.2103055167929