clinical_stratification.icu_prop: 0.2423832429073809
clinical_stratification.non_sympt_infect_multiplier: 0.25208754187376414
clinical_stratification.props.symptomatic.multiplier: 1.892642279040598
contact_rate: 0.03722418082293518
infection_fatality.multiplier: 1.4454811135848664
infectious_seed: 39.5683799640043
mobility.microdistancing.behaviour.parameters.upper_asymptote: 0.28931510474413275
notifications_dispersion_param: 130.04948223712103
sojourn.compartment_periods_calculated.active.total_period: 4.983501652382131
sojourn.compartment_periods_calculated.exposed.total_period: 4.016731824926943
testing_to_detection.assumed_cdr_parameter: 0.08771857044904961
vaccination.coverage_override: 0.6019070828205624
vaccination.overall_efficacy: 0.06042921366832965
vaccination.vacc_prop_prevent_infection: 0.7333408126881915
voc_emergence.alpha_beta.start_time: 309.79739426294606