clinical_stratification.icu_prop: 0.15929060960927474
clinical_stratification.non_sympt_infect_multiplier: 0.4134510073860016
clinical_stratification.props.symptomatic.multiplier: 1.6971513254873636
contact_rate: 0.03437514394970913
infection_fatality.multiplier: 1.8447361321614288
infectious_seed: 76.3742001220796
mobility.microdistancing.behaviour.parameters.upper_asymptote: 0.38467697767755143
notifications_dispersion_param: 135.36365665183303
sojourn.compartment_periods_calculated.active.total_period: 5.319250964042885
sojourn.compartment_periods_calculated.exposed.total_period: 4.314562982492161
testing_to_detection.assumed_cdr_parameter: 0.0905509011537159
vaccination.coverage_override: 0.2769633546654785
vaccination.overall_efficacy: 0.5164730472451541
vaccination.vacc_prop_prevent_infection: 0.6198617909119635
voc_emergence.alpha_beta.start_time: 293.7438182570261