contact_rate: 0.0001359676101448
sojourns.active.total_time: 0.07840996158968228
infectious_seed: 20.080775037844205
testing_to_detection.assumed_cdr_parameter: 0.0005814853574126711
immunity_stratification.prop_immune: 0.012665227466696738
immunity_stratification.prop_high_among_immune: 0.0065977297412462554
hospital_prop_multiplier: 0.019710912699550415
time_from_onset_to_event.hospitalisation.parameters.mean: 0.9305149464144247
prop_icu_among_hospitalised: 0.005737883589242418
hospital_stay.hospital_all.parameters.mean: 0.19687821583185094
hospital_stay.icu.parameters.mean: 0.6805138543542211
