contact_rate: 0.022767480096630544
contact_tracing.assumed_trace_prop: 0.6136349912772947
infection_deaths_dispersion_param: 9.283442099494856
infection_fatality.multiplier: 1.661171427156699
infectious_seed: 259.46180544370156
notifications_dispersion_param: 411.93866759574104
sojourn.compartment_periods_calculated.active.total_period: 6.721670039367092
sojourn.compartment_periods_calculated.exposed.total_period: 6.290109321787141
testing_to_detection.assumed_cdr_parameter: 0.07589037715783167
voc_emergence.voc_strain(0).voc_components.contact_rate_multiplier: 2.897079324307815
voc_emergence.voc_strain(0).voc_components.start_time: 435.381320969383


