contact_rate: 0.00033883437424351605
testing_to_detection.assumed_cdr_parameter: 0.023123165592795814
infectious_seed: 10.0
clinical_stratification.props.hospital.multiplier: 0.2377631849730114
voc_emergence.voc_strain(0).voc_components.start_time: 10.564502355272111
infection_fatality.multiplier: 0.351197779978802
