contact_rate: 0.00033883437424351605
testing_to_detection.assumed_cdr_parameter: 0.023123165592795814
infectious_seed: 1.0506344786316852
clinical_stratification.props.hospital.multiplier: 0.2377631849730114
voc_emergence.start_time: 10.564502355272111
