age_stratification.ifr.multiplier: 0.5230259999804419
contact_rate: 0.02995841309828505
infectious_seed_time: 11.30050215485564
random_process.delta_values(1): -1.0750580960048195
random_process.delta_values(10): 0.06635744365345397
random_process.delta_values(11): -0.32018571814026453
random_process.delta_values(12): 0.6020370141695954
random_process.delta_values(13): -0.06375841140441674
random_process.delta_values(14): -1.1297818666973602
random_process.delta_values(15): 0.7890782568598431
random_process.delta_values(16): 0.19870559032908952
random_process.delta_values(17): -0.37801029096815
random_process.delta_values(18): -0.39898763083626965
random_process.delta_values(19): 0.41529007067837176
random_process.delta_values(2): 0.10748516201969016
random_process.delta_values(20): 0.6853125885986571
random_process.delta_values(21): -0.5415914511333617
random_process.delta_values(3): -0.02592371505135227
random_process.delta_values(4): 0.14610440885209375
random_process.delta_values(5): 0.5837441720378771
random_process.delta_values(6): 0.2156486490935401
random_process.delta_values(7): -0.5831829534201922
random_process.delta_values(8): 0.2863577626289051
random_process.delta_values(9): -0.10010896231338395
random_process.noise_sd: 0.5147739301564118
voc_emergence.delta.new_voc_seed.time_from_gisaid_report: 20.986017544884035