contact_rate: 0.030735408700884665
infectious_seed_time: 17.63855180032376
age_stratification.ifr.multiplier: 0.7916199020294974
voc_emergence.delta.new_voc_seed.time_from_gisaid_report: -3.9485730350878394
voc_emergence.omicron.new_voc_seed.time_from_gisaid_report: -2.480660731031292
random_process.noise_sd: 0.47003364219930466
random_process.delta_values(0): -0.9322368946330314
random_process.delta_values(1): -0.09106864066366295
random_process.delta_values(2): 0.6097330171585595
random_process.delta_values(3): -0.17539463869247462
random_process.delta_values(4): -0.10132837024680141
random_process.delta_values(5): 0.33774014315137946
random_process.delta_values(6): -0.43729692862444725
random_process.delta_values(7): -0.059423859185996186
random_process.delta_values(8): -0.18400813282200093
random_process.delta_values(9): 0.5245638269795607
random_process.delta_values(10): -0.07105362423784209
random_process.delta_values(11): -0.5735167405230018
random_process.delta_values(12): -0.14957804527624358
random_process.delta_values(13): 0.22781708030324113
random_process.delta_values(14): 0.00240511704707653
random_process.delta_values(15): 0.15239749523166513
random_process.delta_values(16): 0.11815161724830792
random_process.delta_values(17): -0.27952161272909287