age_stratification.ifr.multiplier: 0.8145117432172231
contact_rate: 0.04104869232093793
infection_deaths_dispersion_param: 62.54504840986004
infectious_seed_time: 30.447925441292778
random_process.delta_values(0): -1.306496185258189
random_process.delta_values(1): 0.11250765346332026
random_process.delta_values(2): 0.5009919549420943
random_process.delta_values(3): -0.06375110616249913
random_process.delta_values(4): -0.24028730546991617
random_process.delta_values(5): 0.2606697551298094
random_process.delta_values(6): -0.13194034829544132
random_process.delta_values(7): -0.3559750720412327
random_process.delta_values(8): 0.04754597441674813
random_process.delta_values(9): 0.12138039221640762
random_process.delta_values(10): 0.6411075116621299
random_process.noise_sd: 0.5835215881701278
voc_emergence.delta.new_voc_seed.time_from_gisaid_report: 18.52679245171894