contact_rate: 0.3109004975941094
infectious_seed: 8012.448622260692
testing_to_detection.assumed_tests_parameter: 0.0009393862651812448
testing_to_detection.assumed_cdr_parameter: 0.04793667857150513
immunity_stratification.prop_immune: 0.9332765098575027
immunity_stratification.prop_high_among_immune: 0.4471438433969356
age_stratification.cfr.multiplier: 0.04651926089915909
prop_icu_among_hospitalised: 0.053049364668131586
voc_emergence.omicron.new_voc_seed.start_time: 734.8431146197814
voc_emergence.omicron.relative_latency: 0.2701044738690596
sojourns.active.proportion_early: 0.3337108689948117
sojourns.latent.proportion_early: 0.01643498143133819
