contact_rate: 0.27486479328834496
infectious_seed: 10074.246255377257
testing_to_detection.assumed_tests_parameter: 0.0010500798590753484
testing_to_detection.assumed_cdr_parameter: 0.03623912687325246
immunity_stratification.prop_immune: 0.8649777614479716
immunity_stratification.prop_high_among_immune: 0.5877968543445533
age_stratification.cfr.multiplier: 0.02783877078927341
prop_icu_among_hospitalised: 0.03501248866039074
voc_emergence.omicron.new_voc_seed.start_time: 743.0171344022488
voc_emergence.omicron.relative_latency: 0.21534402751440523
voc_emergence.omicron.contact_rate_multiplier: 1.7304453707207246
voc_emergence.omicron.relative_active_period: 1.0803946090956627
