contact_rate: 0.3609119294693132
infectious_seed: 96.27061264038059
testing_to_detection.assumed_cdr_parameter: 0.0897769966314982
# testing_to_detection.assumed_tests_parameter: 0.0005246107789222114
immunity_stratification.prop_high_among_immune: 0.2847256413314837
# immunity_stratification.prop_immune: 0.01792988526462841
age_stratification.cfr.multiplier: 0.0243263232056878
# age_stratification.prop_hospital.multiplier: 0.8355064210322442
prop_icu_among_hospitalised: 0.05016921814447617
# voc_emergence.omicron.new_voc_seed.start_time: 715.0268234024783
sojourns.active.proportion_early: 0.24271170919176915
sojourns.latent.proportion_early: 0.4477613766109758

