contact_rate: 0.10973170099860166
infectious_seed: 28666.75695621843
# detect_prop: 0.19060505331156416
#testing_to_detection.assumed_tests_parameter: 0.001138495394924509
#testing_to_detection.assumed_cdr_parameter: 0.0363758883951254
immunity_stratification.prop_immune: 0.8030331027394411
immunity_stratification.prop_high_among_immune: 0.6961959168517522
age_stratification.cfr.multiplier: 0.49726424289475124
#age_stratification.cfr.multiplier: 0.02964549954178919
# prop_icu_among_hospitalised: 0.04513366655766931
voc_emergence.omicron.new_voc_seed.start_time: 735.9030494556883
voc_emergence.omicron.relative_latency: 0.4184068063232552
voc_emergence.omicron.contact_rate_multiplier: 1.929659101671794
voc_emergence.omicron.relative_active_period: 0.43480474776221145
