contact_rate: 0.13234210533260976
infectious_seed: 45195.03134428926
# detect_prop: 0.19060505331156416
#testing_to_detection.assumed_tests_parameter: 0.001138495394924509
#testing_to_detection.assumed_cdr_parameter: 0.0363758883951254
immunity_stratification.prop_immune: 0.9334569521366163
immunity_stratification.prop_high_among_immune: 0.9971252291620976
age_stratification.cfr.multiplier: 0.5959874235240569
#age_stratification.cfr.multiplier: 0.02964549954178919
# prop_icu_among_hospitalised: 0.04513366655766931
voc_emergence.omicron.new_voc_seed.start_time: 740.3617331778449
voc_emergence.omicron.relative_latency: 0.39458833493704076
voc_emergence.omicron.contact_rate_multiplier: 2.03018212432611
voc_emergence.omicron.relative_active_period: 0.21903273334338216
