contact_rate: 0.4741952994946045
infectious_seed: 471.10644345386726
testing_to_detection.assumed_cdr_parameter: 0.026973680246176097
# testing_to_detection.assumed_tests_parameter: 0.0005246107789222114
immunity_stratification.prop_high_among_immune: 0.3675135925758891
# immunity_stratification.prop_immune: 0.01792988526462841
age_stratification.cfr.multiplier: 0.02133413664642878
# age_stratification.prop_hospital.multiplier: 0.8355064210322442
prop_icu_among_hospitalised: 0.029004301250393043
sojourns.active.proportion_early: 0.15510470950989952
sojourns.latent.proportion_early: 0.12198676396690092

