contact_rate: 0.1493751671718761
infectious_seed: 80425.96710418776
# detect_prop: 0.19060505331156416
#testing_to_detection.assumed_tests_parameter: 0.001138495394924509
#testing_to_detection.assumed_cdr_parameter: 0.0363758883951254
immunity_stratification.prop_immune: 0.9893799160870876
immunity_stratification.prop_high_among_immune: 0.9946007853959147
age_stratification.cfr.multiplier: 0.5124070153570659
#age_stratification.cfr.multiplier: 0.02964549954178919
# prop_icu_among_hospitalised: 0.04513366655766931
voc_emergence.omicron.new_voc_seed.start_time: 733.0445175571664
voc_emergence.omicron.relative_latency: 0.1572567259134373
voc_emergence.omicron.contact_rate_multiplier: 1.8858869293282787
voc_emergence.omicron.relative_active_period: 0.25329648903370583
