infectious_seed: 10.0483636119091
contact_rate: 0.14029033581650568
testing_to_detection.assumed_tests_parameter: 0.008194260138328208
immunity_stratification.prop_high_among_immune: 0.09213599401295236
immunity_stratification.prop_immune: 0.007883903230426061
age_stratification.cfr.multiplier: 0.01457556959127728
age_stratification.prop_hospital.multiplier: 0.07898955307179271
prop_icu_among_hospitalised: 0.1634741523998336
voc_emergence.omicron.new_voc_seed.start_time: 736.1377746329763
sojourns.active.proportion_early: 0.4977260139275604
sojourns.latent.proportion_early: 0.35058655470018624
