contact_rate: 0.18664459341619621
infectious_seed: 14178.42139835613
detect_prop: 0.18598997775017806
#testing_to_detection.assumed_tests_parameter: 0.001138495394924509
#testing_to_detection.assumed_cdr_parameter: 0.0363758883951254
immunity_stratification.prop_immune: 0.8262465892505142
immunity_stratification.prop_high_among_immune: 0.7460996210356485
age_stratification.cfr.multiplier: 0.03989255373890621
prop_icu_among_hospitalised: 0.047287748421790114
voc_emergence.omicron.new_voc_seed.start_time: 735.4063312043228
voc_emergence.omicron.relative_latency: 0.15945807827652805
voc_emergence.omicron.contact_rate_multiplier: 1.7700133730736913
voc_emergence.omicron.relative_active_period: 1.3763114816809847
