contact_rate: 0.4729032151755683
infectious_seed: 196.90558949117116
testing_to_detection.assumed_cdr_parameter: 0.010028394098067744
# testing_to_detection.assumed_tests_parameter: 0.0005246107789222114
immunity_stratification.prop_high_among_immune: 0.3700750608471557
# immunity_stratification.prop_immune: 0.01792988526462841
age_stratification.cfr.multiplier: 0.019872444009313775
# age_stratification.prop_hospital.multiplier: 0.8355064210322442
prop_icu_among_hospitalised: 0.026313350871030095
# voc_emergence.omicron.new_voc_seed.start_time: 715.0268234024783
sojourns.active.proportion_early: 0.21967056025047058
sojourns.latent.proportion_early: 0.25009705505489555

