contact_rate: 0.19442257928657514
infectious_seed: 14079.581424899214
detect_prop: 0.18009014087058972
#testing_to_detection.assumed_tests_parameter: 0.001138495394924509
#testing_to_detection.assumed_cdr_parameter: 0.0363758883951254
immunity_stratification.prop_immune: 0.837437737406392
immunity_stratification.prop_high_among_immune: 0.47621473612319
#age_stratification.cfr.multiplier: 0.02964549954178919
prop_icu_among_hospitalised: 0.037749516351302956
voc_emergence.omicron.new_voc_seed.start_time: 737.4807289537886
voc_emergence.omicron.relative_latency: 0.14442796236241948
voc_emergence.omicron.contact_rate_multiplier: 1.858652822890535
voc_emergence.omicron.relative_active_period: 1.2171323900330127
