contact_rate: 0.26550042492403453
infectious_seed: 4766.43328985309
testing_to_detection.assumed_tests_parameter: 0.000703794955779276
testing_to_detection.assumed_cdr_parameter: 0.0645669393227422
immunity_stratification.prop_immune: 0.8866246128740713
immunity_stratification.prop_high_among_immune: 0.37940898650290106
age_stratification.cfr.multiplier: 0.035902596981620634
prop_icu_among_hospitalised: 0.03747299280438303
voc_emergence.omicron.new_voc_seed.start_time: 739.0228180882103
voc_emergence.omicron.relative_latency: 0.4659560388179346
sojourns.active.proportion_early: 0.4325864653905672
sojourns.latent.proportion_early: 0.016485435379037416
