contact_rate: 0.1776106462578806
infectious_seed: 17605.550681801353
detect_prop: 0.2020863434412055
#testing_to_detection.assumed_tests_parameter: 0.001138495394924509
#testing_to_detection.assumed_cdr_parameter: 0.0363758883951254
immunity_stratification.prop_immune: 0.7902132180525967
immunity_stratification.prop_high_among_immune: 0.6379183455809108
#age_stratification.cfr.multiplier: 0.02964549954178919
prop_icu_among_hospitalised: 0.04125138449288666
voc_emergence.omicron.new_voc_seed.start_time: 732.6577539334008
voc_emergence.omicron.relative_latency: 0.11941686234698466
voc_emergence.omicron.contact_rate_multiplier: 1.470803943339609
voc_emergence.omicron.relative_active_period: 1.3978561984848363
