contact_rate: 0.46803827301937045
infectious_seed: 926.712340407267
testing_to_detection.assumed_cdr_parameter: 0.025154844533584082
# testing_to_detection.assumed_tests_parameter: 0.0005246107789222114
immunity_stratification.prop_high_among_immune: 0.3730489128508345
# immunity_stratification.prop_immune: 0.01792988526462841
age_stratification.cfr.multiplier: 0.024932754078928466
# age_stratification.prop_hospital.multiplier: 0.8355064210322442
prop_icu_among_hospitalised: 0.03820844358841578
sojourns.active.proportion_early: 0.12752226040495102
sojourns.latent.proportion_early: 0.01714647418547349
