contact_rate: 0.10274848515956964
infectious_seed: 19015.5314436061
# detect_prop: 0.19060505331156416
#testing_to_detection.assumed_tests_parameter: 0.001138495394924509
#testing_to_detection.assumed_cdr_parameter: 0.0363758883951254
immunity_stratification.prop_immune: 0.7149788827725753
immunity_stratification.prop_high_among_immune: 0.5600481314971674
age_stratification.cfr.multiplier: 0.1
#age_stratification.cfr.multiplier: 0.02964549954178919
# prop_icu_among_hospitalised: 0.04513366655766931
voc_emergence.omicron.new_voc_seed.start_time: 750.164846331366
voc_emergence.omicron.relative_latency: 0.2481290952143836
voc_emergence.omicron.contact_rate_multiplier: 2.0228753592003317
voc_emergence.omicron.relative_active_period: 0.8022517466779039
