age_stratification.cfr.multiplier: 0.19075850878045844
age_stratification.prop_hospital.multiplier: 0.8355064210322442
contact_rate: 0.14938383874903127
immunity_stratification.prop_high_among_immune: 0.7019206711625193
immunity_stratification.prop_immune: 0.01792988526462841
infectious_seed: 10.015783120485299
prop_icu_among_hospitalised: 0.2305193847288396
sojourns.active.proportion_early: 0.4895088947041325
sojourns.latent.proportion_early: 0.7493674556683505
testing_to_detection.assumed_tests_parameter: 0.0005246107789222114
voc_emergence.omicron.new_voc_seed.start_time: 715.0268234024783
