contact_rate: 0.13883943822872372
infectious_seed: 1.1060108943499458

testing_to_detection.assumed_cdr_parameter: 0.0036772074152924515
mobility.microdistancing.behaviour.parameters.max_effect: 0.6659789904527867
