contact_rate: 0.46803827301937045
infectious_seed: 926.712340407267
testing_to_detection.assumed_tests_parameter: 0.001
testing_to_detection.assumed_cdr_parameter: 0.025154844533584082
immunity_stratification.prop_immune: 0.8
immunity_stratification.prop_high_among_immune: 0.3730489128508345
age_stratification.cfr.multiplier: 0.024932754078928466
prop_icu_among_hospitalised: 0.03820844358841578
voc_emergence.omicron.new_voc_seed.start_time: 746.
voc_emergence.omicron.relative_latency: 0.6667
sojourns.active.proportion_early: 0.12752226040495102
sojourns.latent.proportion_early: 0.01714647418547349
