contact_rate: 0.1929206319689067
infectious_seed: 11112.45786119506
detect_prop: 0.18985791454266565
#testing_to_detection.assumed_tests_parameter: 0.001138495394924509
#testing_to_detection.assumed_cdr_parameter: 0.0363758883951254
immunity_stratification.prop_immune: 0.8048705410400254
immunity_stratification.prop_high_among_immune: 0.532093599845008
#age_stratification.cfr.multiplier: 0.02964549954178919
prop_icu_among_hospitalised: 0.03638577408760266
voc_emergence.omicron.new_voc_seed.start_time: 735.1896690501784
voc_emergence.omicron.relative_latency: 0.16236661457239737
voc_emergence.omicron.contact_rate_multiplier: 1.7801548471241802
voc_emergence.omicron.relative_active_period: 1.2679007064423287
