contact_rate: 0.2796500951778367
infectious_seed: 9593.876902336879
testing_to_detection.assumed_tests_parameter: 0.0010653141385543572
testing_to_detection.assumed_cdr_parameter: 0.03796442024771008
immunity_stratification.prop_immune: 0.8667223892702896
immunity_stratification.prop_high_among_immune: 0.5853351707521866
age_stratification.cfr.multiplier: 0.02759710545101392
prop_icu_among_hospitalised: 0.034662747653784486
voc_emergence.omicron.new_voc_seed.start_time: 743.8457400896369
voc_emergence.omicron.relative_latency: 0.23199714781156655
voc_emergence.omicron.contact_rate_multiplier: 1.6062419613423848
voc_emergence.omicron.relative_active_period: 1.2241803428960663
