contact_rate: 0.31714743751450125
infectious_seed: 7291.342200761996
testing_to_detection.assumed_tests_parameter: 0.0010819586270066116
testing_to_detection.assumed_cdr_parameter: 0.05938548730454585
immunity_stratification.prop_immune: 0.9112275485154365
immunity_stratification.prop_high_among_immune: 0.5443025105046899
age_stratification.cfr.multiplier: 0.04721083104070841
prop_icu_among_hospitalised: 0.05892625017687143
voc_emergence.omicron.new_voc_seed.start_time: 735.3300342038103
voc_emergence.omicron.relative_latency: 0.2257702514614377
sojourns.active.proportion_early: 0.29862141238042406
sojourns.latent.proportion_early: 0.0163853386435248
