contact_rate: 0.3185920505646705
infectious_seed: 8700.90852391182
testing_to_detection.assumed_tests_parameter: 0.001330825364399514
testing_to_detection.assumed_cdr_parameter: 0.06717240189703874
immunity_stratification.prop_immune: 0.9158465907732807
immunity_stratification.prop_high_among_immune: 0.5502359180529478
age_stratification.cfr.multiplier: 0.04724114212339165
prop_icu_among_hospitalised: 0.059971571540828134
voc_emergence.omicron.new_voc_seed.start_time: 736.255941581749
voc_emergence.omicron.relative_latency: 0.2327825207613584
