contact_rate: 0.27248460387822604
infectious_seed: 11228.294489034706
#testing_to_detection.assumed_tests_parameter: 0.001138495394924509
#testing_to_detection.assumed_cdr_parameter: 0.0363758883951254
immunity_stratification.prop_immune: 0.8833547482905685
immunity_stratification.prop_high_among_immune: 0.5239671775529176
#age_stratification.cfr.multiplier: 0.02964549954178919
prop_icu_among_hospitalised: 0.03572472736697308
voc_emergence.omicron.new_voc_seed.start_time: 744.5745672097353
voc_emergence.omicron.relative_latency: 0.17027855733902816
voc_emergence.omicron.contact_rate_multiplier: 1.6410718271051217
voc_emergence.omicron.relative_active_period: 1.0673629689451491
