contact_rate: 0.3079265225902489
infectious_seed: 7867.442741792933
testing_to_detection.assumed_tests_parameter: 0.0015259350836912928
testing_to_detection.assumed_cdr_parameter: 0.0833035649328424
immunity_stratification.prop_immune: 0.9179893760990232
immunity_stratification.prop_high_among_immune: 0.47769402295501484
age_stratification.cfr.multiplier: 0.04377803798445596
prop_icu_among_hospitalised: 0.052813215492211976
voc_emergence.omicron.new_voc_seed.start_time: 732.1487449569009
voc_emergence.omicron.relative_latency: 0.33636566135839713
sojourns.active.proportion_early: 0.32460545897811
sojourns.latent.proportion_early: 0.01641101934459479
