contact_rate: 3.12550528499822e-05
infectious_seed_time: 0.2955413166714784
age_stratification.ifr.multiplier: 0.1298167225905127