case_detection.end_value: 0.7397472775771797
case_detection.max_change_time: 218.38186239007257
case_detection.maximum_gradient: 0.09657353246573247
case_detection.start_value: 0.02542608239877467
clinical_stratification.props.hospital.multiplier: 0.662861924247108
clinical_stratification.props.symptomatic.multiplier: 0.6462205947905165
contact_rate: 0.041832706767012645
infection_deaths_dispersion_param: 95.74342095003091
infection_fatality.multiplier: 0.7558187904705442
mobility.microdistancing.behaviour.parameters.c: 103.28124999872989
mobility.microdistancing.behaviour.parameters.upper_asymptote: 0.3853264613572364
mobility.microdistancing.behaviour_adjuster.parameters.c: 157.0910096072386
mobility.microdistancing.behaviour_adjuster.parameters.sigma: 0.4935143108546847
new_hospital_admissions_dispersion_param: 316.99700372136584
notifications_dispersion_param: 909.8607499691848
sojourn.compartment_periods.hospital_late: 22.1178028330549
sojourn.compartment_periods.icu_late: 13.850245400433682
sojourn.compartment_periods_calculated.active.total_period: 4.293168802904346
sojourn.compartment_periods_calculated.exposed.total_period: 4.60446957280786
time.start: 23.46995016832514
