case_detection.end_value: 0.7462763289422714
case_detection.max_change_time: 179.48633207043065
case_detection.maximum_gradient: 0.09248939778003236
case_detection.start_value: 0.06160722186482588
clinical_stratification.props.hospital.multiplier: 1.1581957683233726
clinical_stratification.props.symptomatic.multiplier: 1.1286222116647457
contact_rate: 0.03324981612328284
elderly_mixing_reduction.relative_reduction: 0.46327548482523423
infection_deaths_dispersion_param: 94.69825545992524
infection_fatality.multiplier: 2.5405026891845774
mobility.microdistancing.behaviour.parameters.c: 109.55126344298526
mobility.microdistancing.behaviour.parameters.upper_asymptote: 0.38362206391463183
mobility.microdistancing.behaviour_adjuster.parameters.c: 188.88615958243585
mobility.microdistancing.behaviour_adjuster.parameters.sigma: 0.4017815201167433
new_hospital_admissions_dispersion_param: 362.439527992292
notifications_dispersion_param: 1185.4836411363374
sojourn.compartment_periods_calculated.active.total_period: 6.208644977051936
sojourn.compartment_periods_calculated.exposed.total_period: 4.218633709111991
time.start: 21.87979350800415
