contact_rate: 0.00010545281299695689
sojourns.active.total_time: 0.042824713954987104
infectious_seed: 8.325535710922509
testing_to_detection.assumed_cdr_parameter: 0.000471052981325883
immunity_stratification.prop_immune: 0.00797939510546819
immunity_stratification.prop_high_among_immune: 0.005895506696087308
hospital_prop_multiplier: 0.030463369268751872
time_from_onset_to_event.hospitalisation.parameters.mean: 0.5524413622886186
prop_icu_among_hospitalised: 0.012854646622349725
hospital_stay.hospital_all.parameters.mean: 0.38613059563653906
hospital_stay.icu.parameters.mean: 0.5123629388728403
