contact_rate: 0.019342514609556976
contact_tracing.assumed_trace_prop: 0.8309053621296426
infection_deaths_dispersion_param: 9.11053226377576
infection_fatality.multiplier: 1.3430064489453635
infectious_seed: 688.6667938846459
notifications_dispersion_param: 435.40218405554117
sojourn.compartment_periods_calculated.active.total_period: 7.15860426937342
sojourn.compartment_periods_calculated.exposed.total_period: 6.744842832949587
testing_to_detection.assumed_cdr_parameter: 0.07723628350311368
voc_emergence.contact_rate_multiplier: 2.7708812856601774
voc_emergence.start_time: 412.42658124159595