contact_rate: 0.020758423863284095
infectious_seed: 199.51596515206427
notifications_dispersion_param: 421.24049576113686
sojourn.compartment_periods_calculated.active.total_period: 7.838497978366533
sojourn.compartment_periods_calculated.exposed.total_period: 7.637988400985834
testing_to_detection.assumed_cdr_parameter: 0.13849319277948793
voc_emergence.contact_rate_multiplier: 2.2167326335681996
voc_emergence.start_time: 396.0294846965221
