contact_rate: 0.024594265873319893
contact_tracing.assumed_trace_prop: 0.6793902899346969
infection_deaths_dispersion_param: 8.989916690201596
infection_fatality.multiplier: 1.4764732253751744
infectious_seed: 148.46625204408534
notifications_dispersion_param: 416.87684074600503
sojourn.compartment_periods_calculated.active.total_period: 6.079772875654675
sojourn.compartment_periods_calculated.exposed.total_period: 5.9667877494892565
testing_to_detection.assumed_cdr_parameter: 0.07208968026845917
voc_emergence.voc_strain(0).voc_components.contact_rate_multiplier: 2.9851881824164277
voc_emergence.voc_strain(0).voc_components.start_time: 444.1200948240321