contact_rate: 0.02493913896961196
contact_tracing.assumed_trace_prop: 0.4873718687439771
infection_deaths_dispersion_param: 7.942273840401582
infectious_seed: 351.6883848984095
notifications_dispersion_param: 444.3112918093667
sojourn.compartment_periods_calculated.active.total_period: 6.77224370650549
sojourn.compartment_periods_calculated.exposed.total_period: 5.3631763951380025
testing_to_detection.assumed_cdr_parameter: 0.0668263768696579
voc_emergence.contact_rate_multiplier: 2.566629973595278
voc_emergence.start_time: 427.4914344633149
