contact_rate: 0.02268898845567891
contact_tracing.assumed_trace_prop: 0.739852267022194
infection_deaths_dispersion_param: 9.13134112900087
infection_fatality.multiplier: 1.6581426601070497
infectious_seed: 385.3731832077551
notifications_dispersion_param: 450.25355731555044
sojourn.compartment_periods_calculated.active.total_period: 6.238131160555313
sojourn.compartment_periods_calculated.exposed.total_period: 6.88084154432382
testing_to_detection.assumed_cdr_parameter: 0.07362215340791542
voc_emergence.contact_rate_multiplier: 2.8260468700606007
voc_emergence.start_time: 429.59963141287676