contact_rate: 0.027217792618023907
contact_tracing.assumed_trace_prop: 0.4719601204962951
infection_deaths_dispersion_param: 7.2842087183802535
infectious_seed: 263.6876039525844
notifications_dispersion_param: 401.2201642352054
sojourn.compartment_periods_calculated.active.total_period: 6.458725984879059
sojourn.compartment_periods_calculated.exposed.total_period: 6.404809032177382
testing_to_detection.assumed_cdr_parameter: 0.08092524530083554
voc_emergence.contact_rate_multiplier: 2.7111942933585995
voc_emergence.start_time: 438.94749895791426
