contact_rate: 0.024843938072260492
contact_tracing.assumed_trace_prop: 0.13990039543526916
infection_deaths_dispersion_param: 6.925897198041871
infectious_seed: 500.68846666290494
notifications_dispersion_param: 412.53976537417714
sojourn.compartment_periods_calculated.active.total_period: 5.948326936910566
sojourn.compartment_periods_calculated.exposed.total_period: 5.902312608909141
testing_to_detection.assumed_cdr_parameter: 0.17601609323725834
voc_emergence.contact_rate_multiplier: 2.617871001703028
voc_emergence.start_time: 422.68614142191484