contact_rate: 0.0226543099389859
contact_tracing.assumed_trace_prop: 0.3006342615180745
infection_deaths_dispersion_param: 7.5231624828214985
infectious_seed: 395.2576618184315
notifications_dispersion_param: 431.7890231795438
sojourn.compartment_periods_calculated.active.total_period: 5.642968644490997
sojourn.compartment_periods_calculated.exposed.total_period: 6.548382452405597
testing_to_detection.assumed_cdr_parameter: 0.08260612018790166
voc_emergence.contact_rate_multiplier: 2.8910566476879063
voc_emergence.start_time: 419.77230834882164
