start_population_size: 5.036585975204758
contact_rate: 0.0008011452052585077
progression_multiplier: 0.00510440372208687
time_variant_tb_screening_rate.inflection_time: 0.07664315007696132
time_variant_tb_screening_rate.shape: 0.01955476042387945
time_variant_tb_screening_rate.end_asymptote: 0.018286366611613758
user_defined_stratifications.location.adjustments.detection.ebeye: 0.14003591183355502
user_defined_stratifications.location.adjustments.detection.other: 1.0
extra_params.rr_progression_diabetes: 0.059873840015105984
rr_infection_latent: 0.020027303801797264
rr_infection_recovered: 0.09309532572148768
pt_efficacy: 0.09999999999999998
awareness_raising.relative_screening_rate: 0.40456217993036314
infect_death_rate_dict.smear_positive: 0.006850620635761917
infect_death_rate_dict.smear_negative: 0.003193052921851309
self_recovery_rate_dict.smear_positive: 0.0060716386930493305
self_recovery_rate_dict.smear_negative: 0.0013685267607503743
