clinical_stratification.icu_prop: 0.16530140097191598
clinical_stratification.non_sympt_infect_multiplier: 0.31071811537566796
clinical_stratification.props.hospital.multiplier: 1.2432452952944204
clinical_stratification.props.symptomatic.multiplier: 1.51675929885995
contact_rate: 0.024904968325648265
icu_occupancy_dispersion_param: 36.23884578208371
infection_deaths_dispersion_param: 4.785859520126973
infectious_seed: 51.1243198920995
mobility.microdistancing.behaviour.parameters.upper_asymptote: 0.057970906560848925
notifications_dispersion_param: 569.5318788132308
sojourn.compartment_periods_calculated.active.total_period: 6.005151883371382
sojourn.compartment_periods_calculated.exposed.total_period: 6.708519012108462
testing_to_detection.assumed_cdr_parameter: 0.10588886649617349
vaccination.overall_efficacy: 0.38067635679328343
vaccination.vacc_prop_prevent_infection: 0.46574998036923587
voc_emergence.contact_rate_multiplier: 1.6636731912899005
voc_emergence.start_time: 370.5838108866966
voc_emergence.seed_duration: 5.