clinical_stratification.props.hospital.multiplier: 1.9867748517610027
contact_rate: 0.031673020765866325
infection_fatality.multiplier: 0.7364296825221824
testing_to_detection.assumed_cdr_parameter: 0.020284318579719185
voc_emergence.delta.contact_rate_multiplier: 2.5608876760119594
