clinical_stratification.props.hospital.multiplier: 2.111635351605946
contact_rate: 0.03886457876304274
infection_fatality.multiplier: 0.6491769070971039
testing_to_detection.assumed_cdr_parameter: 0.020398044529500954
vaccination.overall_efficacy: 0.7943173233498716
vaccination.vacc_prop_prevent_infection: 0.8383907266285003
voc_emergence.delta.contact_rate_multiplier: 2.9084961965252867
