clinical_stratification.props.hospital.multiplier: 1.205455745026145
contact_rate: 0.055053628928330725
infection_fatality.multiplier: 0.5011057168726539
testing_to_detection.assumed_cdr_parameter: 0.012226971002942122
voc_emergence.delta.contact_rate_multiplier: 2.243506548589731
