clinical_stratification.props.hospital.multiplier: 1.9203963205738637
contact_rate: 0.054194801102277756
infection_fatality.multiplier: 0.7260351202219374
testing_to_detection.assumed_cdr_parameter: 0.018 # 0.0201998326434406
voc_emergence.delta.contact_rate_multiplier: 2.45 # 2.408457987686659
