clinical_stratification.props.hospital.multiplier: 1.5612045095078146
contact_rate: 0.054136646971954264
infection_fatality.multiplier: 0.6911399190092502
testing_to_detection.assumed_cdr_parameter: 0.016145982483027246
voc_emergence.delta.contact_rate_multiplier: 2.4669958685268947
