accum_deaths_dispersion_param: 3.8479666786203452
clinical_stratification.props.hospital.multiplier: 2.298340396713389
clinical_stratification.props.symptomatic.multiplier: 1.135077800266638
contact_rate: 0.03672708960698404
icu_occupancy_dispersion_param: 3.0304756707023945
infection_fatality.multiplier: .85 # 0.7237808796413899
infectious_seed: 14.95403628804874
mobility.microdistancing.behaviour.parameters.max_effect: 0.1853688718425759
mobility.microdistancing.behaviour_adjuster.parameters.inflection_time: 386.8247723964321
mobility.microdistancing.behaviour_adjuster.parameters.lower_asymptote: 0.984588118896876
notifications_dispersion_param: 2.752482224476905
sojourn.compartment_periods_calculated.active.total_period: 6.289600077550631
sojourn.compartment_periods_calculated.exposed.total_period: 5.609231116271395
testing_to_detection.assumed_cdr_parameter: 0.0313625629983119
vaccination.overall_efficacy: 0.8366763553659982
vaccination.vacc_prop_prevent_infection: 0.5417128062749085
voc_emergence.contact_rate_multiplier: 1.7 # 1.742552875185657
voc_emergence.start_time: 300  # 320.09517699881343
