clinical_stratification.props.hospital.multiplier: 2.5 # 2.7707604211182124
infection_fatality.multiplier: .7 # 0.9865014008305815
contact_rate: 0.039  # 0.0334  # 0.032931558618888065
testing_to_detection.assumed_cdr_parameter: 0.025  # 0.02453923354456459
voc_emergence.delta.contact_rate_multiplier: 2.5
