clinical_stratification.props.hospital.multiplier: 0.664010269320274
contact_rate: 0.05607979245767848
infection_fatality.multiplier: 0.4280298178351638
testing_to_detection.assumed_cdr_parameter: 0.010778117661794397
vaccination_risk.risk_multiplier: 0.9541691248765343
voc_emergence.delta.contact_rate_multiplier: 2.698400253146379
