clinical_stratification.props.hospital.multiplier: 2. # 2.7707604211182124
infection_fatality.multiplier: .7 # 0.9865014008305815

vaccination.overall_efficacy: 0.5784851051597237
vaccination.vacc_prop_prevent_infection: 0.9871687419581485

voc_emergence.alpha_beta.start_time: 320 #330  #313.26154365696084
voc_emergence.delta.start_time: 510

contact_rate: 0.039  # 0.0334  # 0.032931558618888065
infectious_seed: 10 # 12.779316182738373
testing_to_detection.assumed_cdr_parameter: 0.025  # 0.02453923354456459
