clinical_stratification.props.hospital.multiplier: 2.298340396713389
contact_rate: 0.03672708960698404
infectious_seed: 14.95403628804874
testing_to_detection.assumed_cdr_parameter: 0.0313625629983119
vaccination.overall_efficacy: 0.8366763553659982
vaccination.vacc_prop_prevent_infection: 0.5417128062749085
voc_emergence.start_time: 300
