accum_deaths_dispersion_param: 3.0270866240649106
clinical_stratification.props.hospital.multiplier: 1.3149311871801181
clinical_stratification.props.symptomatic.multiplier: 1.2895275309891159
contact_rate: 0.03419080271684316
icu_occupancy_dispersion_param: 3.577174249221902
infection_fatality.multiplier: 1.1957329296663062
infectious_seed: 34.132309241578135
mobility.microdistancing.behaviour.parameters.max_effect: 0.21568499431738197
mobility.microdistancing.behaviour_adjuster.parameters.inflection_time: 391.55705636953775
mobility.microdistancing.behaviour_adjuster.parameters.lower_asymptote: 0.9835133501291907
notifications_dispersion_param: 2.245540837323656
sojourn.compartment_periods_calculated.active.total_period: 6.336536636643455
sojourn.compartment_periods_calculated.exposed.total_period: 7.120542917709567
testing_to_detection.assumed_cdr_parameter: 0.040930487569715276
vaccination.overall_efficacy: 0.7400896017603067
vaccination.vacc_prop_prevent_infection: 0.7884671305891244
voc_emergence.voc_strain(0).voc_components.contact_rate_multiplier: 1.8648210385355846
voc_emergence.voc_strain(0).voc_components.start_time: 309.5693625732799
