clinical_stratification.props.hospital.multiplier: 2.5769135994100623
contact_rate: 0.033024639436163614
infectious_seed: 12.72047215806225
testing_to_detection.assumed_cdr_parameter: 0.0240047697985382
vaccination.overall_efficacy: 0.6795401412294656
vaccination.vacc_prop_prevent_infection: 0.06993338382034875
voc_emergence.voc_strain(0).voc_components.start_time: 314.27089863877535
