clinical_stratification.icu_prop: 0.17880198331900843
clinical_stratification.non_sympt_infect_multiplier: 0.30013196060731323
clinical_stratification.props.symptomatic.multiplier: 1.2077796780771657
contact_rate: 0.045884567603689044
infection_fatality.multiplier: 1.1105188564761848
infectious_seed: 187.68873359381988
mobility.microdistancing.behaviour.parameters.upper_asymptote: 0.24908529765802326
notifications_dispersion_param: 384.98747696920935
sojourn.compartment_periods_calculated.active.total_period: 6.496834271589062
sojourn.compartment_periods_calculated.exposed.total_period: 5.22246518788729
testing_to_detection.assumed_cdr_parameter: 0.0867917788864884
vaccination.coverage_override: 0.10959498590923678
vaccination.overall_efficacy: 0.9200593262813809
vaccination.vacc_prop_prevent_infection: 0.7179184707926478
voc_emergence.alpha_beta.contact_rate_multiplier: 1.7923935272737368
voc_emergence.alpha_beta.start_time: 445.68435438108554