clinical_stratification.icu_prop: 0.15308114727011063
clinical_stratification.non_sympt_infect_multiplier: 0.27791375938838037
clinical_stratification.props.symptomatic.multiplier: 1.4832955603183204
contact_rate: 0.0508676813849421
infection_fatality.multiplier: 1.2271482192499652
infectious_seed: 105.91774037230022
mobility.microdistancing.behaviour.parameters.upper_asymptote: 0.38483188046628747
notifications_dispersion_param: 386.4818544654079
sojourn.compartment_periods_calculated.active.total_period: 5.896055142189223
sojourn.compartment_periods_calculated.exposed.total_period: 4.414028875198641
testing_to_detection.assumed_cdr_parameter: 0.10933257255029324
vaccination.coverage_override: 0.6758071941939661
vaccination.overall_efficacy: 0.6390846890810185
vaccination.vacc_prop_prevent_infection: 0.6349477149676646
voc_emergence.alpha_beta.contact_rate_multiplier: 1.6459309194673644
voc_emergence.alpha_beta.start_time: 409.5977644040889