clinical_stratification.icu_prop: 0.19666666812134148
clinical_stratification.non_sympt_infect_multiplier: 0.4296645080483409
clinical_stratification.props.symptomatic.multiplier: 0.8452600175596674
contact_rate: 0.04399441266920901
infection_fatality.multiplier: 1.370355343697454
infectious_seed: 196.38358874830777
mobility.microdistancing.behaviour.parameters.upper_asymptote: 0.6383254133050908
notifications_dispersion_param: 388.7174056748648
sojourn.compartment_periods_calculated.active.total_period: 6.419159915827597
sojourn.compartment_periods_calculated.exposed.total_period: 6.590624422105399
testing_to_detection.assumed_cdr_parameter: 0.116993324771288
vaccination.coverage_override: 0.14586157099836017
vaccination.overall_efficacy: 0.16600089944639107
vaccination.vacc_prop_prevent_infection: 0.6033829104659392
voc_emergence.alpha_beta.contact_rate_multiplier: 1.9918822459725871
voc_emergence.alpha_beta.start_time: 394.9937940093828