clinical_stratification.icu_prop: 0.06515999024105223
clinical_stratification.non_sympt_infect_multiplier: 0.47871599672784326
clinical_stratification.props.symptomatic.multiplier: 0.9774306531080643
contact_rate: 0.037461273592280915
infection_fatality.multiplier: 0.3039560060487575
infectious_seed: 225.85378812968236
mobility.microdistancing.behaviour.parameters.upper_asymptote: 0.29862641268472945
notifications_dispersion_param: 408.38943798562974
sojourn.compartment_periods_calculated.active.total_period: 6.4552032245907665
sojourn.compartment_periods_calculated.exposed.total_period: 5.065704283084035
testing_to_detection.assumed_cdr_parameter: 0.01222446583412531
vaccination.coverage_override: 0.6284403345364651
vaccination.overall_efficacy: 0.3391378287971887
vaccination.vacc_prop_prevent_infection: 0.7101770072187432
voc_emergence.alpha_beta.contact_rate_multiplier: 1.6664352045149766
voc_emergence.alpha_beta.start_time: 393.1039315138772