clinical_stratification.icu_prop: 0.10138747136608343
clinical_stratification.non_sympt_infect_multiplier: 0.3002241664578984
clinical_stratification.props.symptomatic.multiplier: 0.9768989994363517
contact_rate: 0.041502657846649006
infection_fatality.multiplier: 0.35658648891779
infectious_seed: 216.09933399027574
mobility.microdistancing.behaviour.parameters.upper_asymptote: 0.3236383160796873
notifications_dispersion_param: 392.6522070383684
sojourn.compartment_periods_calculated.active.total_period: 5.974320574613123
sojourn.compartment_periods_calculated.exposed.total_period: 5.073937649658993
testing_to_detection.assumed_cdr_parameter: 0.013124661820407467
vaccination.coverage_override: 0.014005987114828145
vaccination.overall_efficacy: 0.0666152836973789
vaccination.vacc_prop_prevent_infection: 0.6193174799046484
voc_emergence.alpha_beta.contact_rate_multiplier: 1.577589425007195
voc_emergence.alpha_beta.start_time: 371.12190357660324