clinical_stratification.icu_prop: 0.14414013643661225
clinical_stratification.non_sympt_infect_multiplier: 0.3627681423178889
clinical_stratification.props.symptomatic.multiplier: 1.6773843434167435
contact_rate: 0.028194253528641376
infectious_seed: 123.93444993736348
mobility.microdistancing.behaviour.parameters.upper_asymptote: 0.36013727399364837
notifications_dispersion_param: 402.2395495686225
sojourn.compartment_periods_calculated.active.total_period: 6.69394501151613
sojourn.compartment_periods_calculated.exposed.total_period: 6.166923613607481
testing_to_detection.assumed_cdr_parameter: 0.12708227212162182
voc_emergence.alpha_beta.contact_rate_multiplier: 1.757295107546908
voc_emergence.alpha_beta.start_time: 374.25280684403657