clinical_stratification.icu_prop: 0.202754818990263
clinical_stratification.non_sympt_infect_multiplier: 0.27111846421740277
clinical_stratification.props.hospital.multiplier: 1.0580425806276277
clinical_stratification.props.symptomatic.multiplier: 0.8080440208354968
contact_rate: 0.0428470708632477
infectious_seed: 34.76103491154892
mobility.microdistancing.behaviour.parameters.upper_asymptote: 0.2582183737270743
notifications_dispersion_param: 356.194694654193
sojourn.compartment_periods_calculated.active.total_period: 5.8127145690917335
sojourn.compartment_periods_calculated.exposed.total_period: 6.863032962606199
testing_to_detection.assumed_cdr_parameter: 0.09962002979108404
vaccination.coverage_override: 0.9251204165198692
vaccination.overall_efficacy: 0.5652194869615201
vaccination.vacc_prop_prevent_infection: 0.6097727399548567
voc_emergence.contact_rate_multiplier: 1.5668976560626033
voc_emergence.start_time: 376.90611946661215
