clinical_stratification.icu_prop: 0.0839907285048302
clinical_stratification.non_sympt_infect_multiplier: 0.5235111810069437
clinical_stratification.props.symptomatic.multiplier: 1.3206359043071692
contact_rate: 0.0329718618506315
infection_fatality.multiplier: 0.34176354223232747
infectious_seed: 184.08035485362285
mobility.microdistancing.behaviour.parameters.upper_asymptote: 0.3552671474081819
notifications_dispersion_param: 387.32806503033936
sojourn.compartment_periods_calculated.active.total_period: 7.835968730241641
sojourn.compartment_periods_calculated.exposed.total_period: 4.325566371070888
testing_to_detection.assumed_cdr_parameter: 0.009107380915285006
vaccination.coverage_override: 0.9773943418323328
vaccination.overall_efficacy: 0.07359687349742206
vaccination.vacc_prop_prevent_infection: 0.5764833470596521
voc_emergence.alpha_beta.contact_rate_multiplier: 1.679631293447157
voc_emergence.alpha_beta.start_time: 389.1472522451916