
clinical_stratification.icu_prop: 0.16661730297678748
clinical_stratification.non_sympt_infect_multiplier: 0.2733251141791635
clinical_stratification.props.hospital.multiplier: 0.9015237336731657
clinical_stratification.props.symptomatic.multiplier: 1.2656054202639546
contact_rate: 0.03535406984594655
infectious_seed: 137.98879549430063
mobility.microdistancing.behaviour.parameters.upper_asymptote: 0.2936325854266083
notifications_dispersion_param: 353.40065506065514
sojourn.compartment_periods_calculated.active.total_period: 6.864700549614518
sojourn.compartment_periods_calculated.exposed.total_period: 5.605730048788585
testing_to_detection.assumed_cdr_parameter: 0.09173054580047645
vaccination.coverage_override: 0.26850060372024875
vaccination.overall_efficacy: 0.9457779324863268
vaccination.vacc_prop_prevent_infection: 0.5033597090679711
voc_emergence.voc_strain(0).voc_components.contact_rate_multiplier: 1.9615062342211393
voc_emergence.voc_strain(0).voc_components.start_time: 398.64636912842485
voc_emergence.voc_strain(1).voc_components.contact_rate_multiplier: 2.42 #2.63633553944114
voc_emergence.voc_strain(1).voc_components.start_time: 470 #500.39264330358117
