clinical_stratification.icu_prop: 0.24593754000395895
clinical_stratification.non_sympt_infect_multiplier: 0.3466474458152374
clinical_stratification.props.symptomatic.multiplier: 1.2522952141338752
contact_rate: 0.02971613405496963
infectious_seed: 93.85978396836316
mobility.microdistancing.behaviour.parameters.upper_asymptote: 0.2715806415810366
notifications_dispersion_param: 399.75579120529716
sojourn.compartment_periods_calculated.active.total_period: 7.553616165493323
sojourn.compartment_periods_calculated.exposed.total_period: 4.656676322186438
testing_to_detection.assumed_cdr_parameter: 0.0789626016841476
voc_emergence.alpha_beta.contact_rate_multiplier: 1.8516987760692232
voc_emergence.alpha_beta.start_time: 448.82228182764544