clinical_stratification.icu_prop: 0.137453318355971
clinical_stratification.non_sympt_infect_multiplier: 0.3364507667516838
clinical_stratification.props.symptomatic.multiplier: 1.5267780909460675
contact_rate: 0.048774889312365
infection_fatality.multiplier: 1.6167706616862276
infectious_seed: 194.95997196232824
mobility.microdistancing.behaviour.parameters.upper_asymptote: 0.37257294369677285
notifications_dispersion_param: 387.8506830921386
sojourn.compartment_periods_calculated.active.total_period: 6.098112293554594
sojourn.compartment_periods_calculated.exposed.total_period: 4.046400057498074
testing_to_detection.assumed_cdr_parameter: 0.1071002924013579
vaccination.coverage_override: 0.8669470438016359
vaccination.overall_efficacy: 0.2690487107663826
vaccination.vacc_prop_prevent_infection: 0.6535528463320885
voc_emergence.alpha_beta.contact_rate_multiplier: 1.6501763699732774
voc_emergence.alpha_beta.start_time: 410.0716279026704