clinical_stratification.icu_prop: 0.09482504763340487
clinical_stratification.non_sympt_infect_multiplier: 0.1911952540513574
clinical_stratification.props.symptomatic.multiplier: 1.1545325072313362
contact_rate: 0.03610984932395775
icu_occupancy_dispersion_param: 80.14141955570402
infection_deaths_dispersion_param: 5.530311549683809
infection_fatality.multiplier: 0.33587643280136387
infectious_seed: 201.70307439600032
mobility.microdistancing.behaviour.parameters.upper_asymptote: 0.27450876862452533
notifications_dispersion_param: 1021.6280478457602
sojourn.compartment_periods_calculated.active.total_period: 6.316161513758447
sojourn.compartment_periods_calculated.exposed.total_period: 3.9069002087458715
testing_to_detection.assumed_cdr_parameter: 0.016279704897996516
vaccination.coverage_override: 0.022816149846101474
vaccination.overall_efficacy: 0.35343870047581194
vaccination.vacc_prop_prevent_infection: 0.6648281831220609
voc_emergence.alpha_beta.contact_rate_multiplier: 1.5529877813214308
voc_emergence.alpha_beta.start_time: 352.2109954437044