clinical_stratification.icu_prop: 0.12810025255643237
clinical_stratification.props.hospital.multiplier: 0.23728939814880753
contact_rate: 0.034816123659027004
infection_fatality.multiplier: 0.15266068523863313
infectious_seed: 552.6272589884692
testing_to_detection.assumed_cdr_parameter: 0.006916803294039861
voc_emergence.alpha_beta.contact_rate_multiplier: 1.5886184436779327
voc_emergence.alpha_beta.start_time: 361.73688779714536
voc_emergence.delta.contact_rate_multiplier: 3.2004140457514287
voc_emergence.delta.start_time: 482.41208620916143