clinical_stratification.icu_prop: 0.06504763340487
contact_rate: 0.03510984932395775
infection_fatality.multiplier: 0.3587643280136387
infectious_seed: 100.70307439600032
mobility.microdistancing.behaviour.parameters.start_asymptote: 0.027450876862452533
testing_to_detection.assumed_cdr_parameter: 0.00816279704897996516
voc_emergence.alpha_beta.contact_rate_multiplier: 1.6114134866456156
voc_emergence.alpha_beta.start_time: 400.743239742568
