clinical_stratification.icu_prop: 0.15672776263046947
clinical_stratification.props.symptomatic.multiplier: 0.6008893529157306
contact_rate: 0.02244903589726972
icu_occupancy_dispersion_param: 162.90621435549406
infection_deaths_dispersion_param: 50.37024545336588
infection_fatality.multiplier: 3.258539500514135
infectious_seed: 143.15750974920422
mobility.microdistancing.behaviour.parameters.upper_asymptote: 0.10589554998152709
notifications_dispersion_param: 2953.9589603203262
sojourn.compartment_periods_calculated.active.total_period: 5.16843051514501
sojourn.compartment_periods_calculated.exposed.total_period: 8.1285848873712
testing_to_detection.assumed_cdr_parameter: 0.02455065537797568
voc_emergence.alpha_beta.contact_rate_multiplier: 1.47259798085209
voc_emergence.alpha_beta.start_time: 336.9992901096077
voc_emergence.delta.contact_rate_multiplier: 2.41708297812518087
voc_emergence.delta.start_time: 450.05732491680135
