clinical_stratification.icu_prop: 0.1151583702195924953
clinical_stratification.non_sympt_infect_multiplier: 0.28721227035238545
clinical_stratification.props.hospital.multiplier: 0.7868217594567517
clinical_stratification.props.symptomatic.multiplier: 1.4687771193409462
contact_rate: 0.02347885724349578
icu_occupancy_dispersion_param: 113.6022238414206
infection_deaths_dispersion_param: 12.588533525313021
infection_fatality.multiplier: 1.1332816815447595
infectious_seed: 220.24289079820585
mobility.microdistancing.behaviour.parameters.upper_asymptote: 0.012643040236394
notifications_dispersion_param: 979.0581939797022
sojourn.compartment_periods_calculated.active.total_period: 5.850642879522352
sojourn.compartment_periods_calculated.exposed.total_period: 6.280996297403688
testing_to_detection.assumed_cdr_parameter: 0.015148339969437274
vaccination.coverage_override: 0.14646928911508683
vaccination.overall_efficacy: 0.7810061768674418
vaccination.vacc_prop_prevent_infection: 0.7942900154628183
voc_emergence.contact_rate_multiplier: 1.41660667172611549
voc_emergence.start_time: 368.2857018411082
contact_tracing.assumed_trace_prop: 0.3136349912772947