contact_rate: 0.02438081555906811
icu_occupancy_dispersion_param: 118.53297767661424
infection_deaths_dispersion_param: 24.263436431409108
infection_fatality.multiplier: 1.656166653651356
infectious_seed: 42.57192032739698
mobility.microdistancing.behaviour.parameters.upper_asymptote: 0.07464433627704056
notifications_dispersion_param: 1938.1748635055988
sojourn.compartment_periods_calculated.active.total_period: 6.3020599548298
sojourn.compartment_periods_calculated.exposed.total_period: 6.370067480365111
testing_to_detection.assumed_cdr_parameter: 0.03120400663715091
voc_emergence.alpha_beta.contact_rate_multiplier: 1.4186369363264997
voc_emergence.alpha_beta.start_time: 323.0568096194103
voc_emergence.delta.contact_rate_multiplier: 2.5940346000662347
voc_emergence.delta.start_time: 465.4484942435662