clinical_stratification.icu_prop: 0.09699311705674862
clinical_stratification.non_sympt_infect_multiplier: 0.46458211912410285
clinical_stratification.props.symptomatic.multiplier: 1.1288598317685519
contact_rate: 0.03110117461212415
icu_occupancy_dispersion_param: 76.18514848966689
infection_deaths_dispersion_param: 5.653465608311221
infection_fatality.multiplier: 1.37401664307905125
infectious_seed: 163.32973502929747
mobility.microdistancing.behaviour.parameters.upper_asymptote: 0.23415536567574963
notifications_dispersion_param: 1122.1899981746933
sojourn.compartment_periods_calculated.active.total_period: 6.689398563494524
sojourn.compartment_periods_calculated.exposed.total_period: 5.148729986879305
testing_to_detection.assumed_cdr_parameter: 0.018432844776898157
vaccination.coverage_override: 0.3980224173034982
vaccination.overall_efficacy: 0.3082978419142115
vaccination.vacc_prop_prevent_infection: 0.7261946061346816
voc_emergence.alpha_beta.contact_rate_multiplier: 1.552025479730375
voc_emergence.alpha_beta.start_time: 355.6152072751025
voc_emergence.delta.contact_rate_multiplier: 1.85940346000662347
voc_emergence.delta.start_time: 565.4484942435662