clinical_stratification.icu_prop: 0.24164507514562047
clinical_stratification.non_sympt_infect_multiplier: 0.15455971244985822
clinical_stratification.props.hospital.multiplier: 1.0064369431263724
clinical_stratification.props.symptomatic.multiplier: 0.3389003975897357
contact_rate: 0.04291358166600816
contact_tracing.assumed_trace_prop: 0.4809646172780593
icu_occupancy_dispersion_param: 111.6292124871589
infection_deaths_dispersion_param: 13.935617175463594
infection_fatality.multiplier: 1.1336919572598172
infectious_seed: 97.19316203780319
mobility.microdistancing.behaviour.parameters.upper_asymptote: 0.06793429373858739
notifications_dispersion_param: 1115.4266245480412
sojourn.compartment_periods_calculated.active.total_period: 6.512771849309816
sojourn.compartment_periods_calculated.exposed.total_period: 1.713098388097458
testing_to_detection.assumed_cdr_parameter: 0.055227742956291806
vaccination.coverage_override: 0.04976640223654005
vaccination.overall_efficacy: 0.3640240561994166
vaccination.vacc_prop_prevent_infection: 0.5394788212987508
voc_emergence.contact_rate_multiplier: 1.8979663393540733
voc_emergence.contact_rate_multiplier_second_VoC: 1.963633553944114
voc_emergence.start_time: 370.0043843350719
voc_emergence.start_time_second_VoC: 384.39264330358117