contact_rate: 0.0245 # 0.031161153762802665
infectious_seed: 25  #  250.24666137720018
testing_to_detection.assumed_cdr_parameter: 0.04
voc_emergence.voc_strain(0).voc_components.contact_rate_multiplier: 1.45 # 1.95798987160927
voc_emergence.voc_strain(0).voc_components.start_time: 365 #360.71144235434133
voc_emergence.voc_strain(1).voc_components.contact_rate_multiplier: 2.29 #2.63633553944114
voc_emergence.voc_strain(1).voc_components.start_time: 465 #500.39264330358117
infection_fatality.multiplier: 1.85