clinical_stratification.icu_prop: 0.2361646287283365
clinical_stratification.non_sympt_infect_multiplier: 0.3100307892384637
clinical_stratification.props.symptomatic.multiplier: 1.3983332645642734
contact_rate: 0.024406026066703473
icu_occupancy_dispersion_param: 81.10870026126626
infection_deaths_dispersion_param: 6.587130618605196
infection_fatality.multiplier: 1.2787565455952816
infectious_seed: 121.01221309382188
mobility.microdistancing.behaviour.parameters.upper_asymptote: 0.11483517878061064
notifications_dispersion_param: 1109.7990022173976
sojourn.compartment_periods_calculated.active.total_period: 5.924291404723157
sojourn.compartment_periods_calculated.exposed.total_period: 7.026617555387057
testing_to_detection.assumed_cdr_parameter: 0.08945152930969956
vaccination.vacc_prop_prevent_infection: 0.7333008046762615
voc_emergence.alpha_beta.contact_rate_multiplier: 1.625022026570614
voc_emergence.alpha_beta.start_time: 392.200998236185