clinical_stratification.icu_prop: 0.18525186825770362
clinical_stratification.non_sympt_infect_multiplier: 0.2763183900377601
clinical_stratification.props.hospital.multiplier: 0.8582719343605543
clinical_stratification.props.symptomatic.multiplier: 0.6458100739455344
contact_rate: 0.030588568805707275
contact_tracing.assumed_trace_prop: 0.7010292076782025
icu_occupancy_dispersion_param: 89.4131727777287
infection_deaths_dispersion_param: 13.343511503630586
infection_fatality.multiplier: 1.5246146423283795
infectious_seed: 202.6444950922423
mobility.microdistancing.behaviour.parameters.upper_asymptote: 0.04549681308046413
notifications_dispersion_param: 912.3480743093476
sojourn.compartment_periods_calculated.active.total_period: 6.245114773555195
sojourn.compartment_periods_calculated.exposed.total_period: 5.699752317947402
testing_to_detection.assumed_cdr_parameter: 0.03430677778778757
vaccination.coverage_override: 0.007647896946233135
vaccination.overall_efficacy: 0.41279884630906405
vaccination.vacc_prop_prevent_infection: 0.7208974971184638
voc_emergence.contact_rate_multiplier: 1.3554456953140122
voc_emergence.contact_rate_multiplier_second_VoC: 2.7030364779112075
voc_emergence.start_time: 342.3722279138708
voc_emergence.start_time_second_VoC: 500.0197406380556