clinical_stratification.icu_prop: 0.1536125465440786
clinical_stratification.props.symptomatic.multiplier: 0.6018606243915569
contact_rate: 0.02245321793796258
icu_occupancy_dispersion_param: 132.26435589471723
infection_deaths_dispersion_param: 44.302639055143146
infection_fatality.multiplier: 2.534657082127884
infectious_seed: 147.71660695034
mobility.microdistancing.behaviour.parameters.upper_asymptote: 0.10773293194869628
notifications_dispersion_param: 2815.9246616087084
sojourn.compartment_periods_calculated.active.total_period: 5.207716859088972
sojourn.compartment_periods_calculated.exposed.total_period: 7.798907506701794
testing_to_detection.assumed_cdr_parameter: 0.02553248070263765
voc_emergence.alpha_beta.contact_rate_multiplier: 1.4869510687924246
voc_emergence.alpha_beta.start_time: 329.97448707330926
voc_emergence.delta.contact_rate_multiplier: 2.4137784257221404
voc_emergence.delta.start_time: 450.3045449691159