clinical_stratification.icu_prop: 0.0805008086362246
clinical_stratification.non_sympt_infect_multiplier: 0.40416721949595297
clinical_stratification.props.symptomatic.multiplier: 0.9986211575909482
contact_rate: 0.03301607998679574
icu_occupancy_dispersion_param: 67.59027476026263
infection_deaths_dispersion_param: 6.4340672819867315
infection_fatality.multiplier: 0.3529986036118532
infectious_seed: 165.66424794145166
mobility.microdistancing.behaviour.parameters.upper_asymptote: 0.3582093597930726
notifications_dispersion_param: 936.8077348987099
sojourn.compartment_periods_calculated.active.total_period: 7.011058762618193
sojourn.compartment_periods_calculated.exposed.total_period: 4.441182709760685
testing_to_detection.assumed_cdr_parameter: 0.008526528735267938
vaccination.coverage_override: 0.547091619953206
vaccination.overall_efficacy: 0.8628532392102476
vaccination.vacc_prop_prevent_infection: 0.5857217352618742
voc_emergence.alpha_beta.contact_rate_multiplier: 1.5886032699132002
voc_emergence.alpha_beta.start_time: 340.40141495781893