clinical_stratification.icu_prop: 0.15491101842013802
clinical_stratification.non_sympt_infect_multiplier: 0.18970975696474207
clinical_stratification.props.hospital.multiplier: 1.3547195336859006
clinical_stratification.props.symptomatic.multiplier: 1.0398712278772777
contact_rate: 0.03152567455323231
icu_occupancy_dispersion_param: 82.29966194070056
infection_deaths_dispersion_param: 7.583121223436681
infectious_seed: 153.5095939760668
mobility.microdistancing.behaviour.parameters.upper_asymptote: 0.17733607848105679
notifications_dispersion_param: 1038.148168512224
sojourn.compartment_periods_calculated.active.total_period: 5.751112553905062
sojourn.compartment_periods_calculated.exposed.total_period: 5.480432771828691
testing_to_detection.assumed_cdr_parameter: 0.025252850676320476
vaccination.coverage_override: 0.89910672582589
vaccination.overall_efficacy: 0.7800925493890161
vaccination.vacc_prop_prevent_infection: 0.7898921981020103
voc_emergence.contact_rate_multiplier: 1.807614660441901
voc_emergence.start_time: 359.2301619889802