clinical_stratification.icu_prop: 0.027125041116180833
clinical_stratification.non_sympt_infect_multiplier: 0.46849035547727536
clinical_stratification.props.symptomatic.multiplier: 1.0741774769734593
contact_rate: 0.030972712585881978
infection_deaths_dispersion_param: 39.09063525322125
infection_fatality.multiplier: 0.76499765295381639
infectious_seed: 605.2186306150305
mobility.microdistancing.behaviour.parameters.start_asymptote: 0.21794367250992103
notifications_dispersion_param: 2718.9132545416264
sojourn.compartment_periods_calculated.active.total_period: 6.075734343509599
sojourn.compartment_periods_calculated.exposed.total_period: 4.852169993036393
testing_to_detection.assumed_cdr_parameter: 0.008255524829850907
vaccination_risk.risk_multiplier: 0.8824143629519923
voc_emergence.alpha_beta.contact_rate_multiplier: 1.5615562587768752
voc_emergence.alpha_beta.start_time: 354.74040397361375
voc_emergence.delta.contact_rate_multiplier: 2.7371401243447893
voc_emergence.delta.start_time: 475.62011677333123