clinical_stratification.icu_prop: 0.17713534063264758
clinical_stratification.non_sympt_infect_multiplier: 0.3932653420663007
clinical_stratification.props.hospital.multiplier: 1.09160284514958
clinical_stratification.props.symptomatic.multiplier: 0.9965134677495057
contact_rate: 0.024576380543193093
icu_occupancy_dispersion_param: 85.30146267527695
infection_deaths_dispersion_param: 6.883786747695472
infectious_seed: 61.74186912803667
mobility.microdistancing.behaviour.parameters.upper_asymptote: 0.09501229466007288
notifications_dispersion_param: 1092.0959744053644
sojourn.compartment_periods_calculated.active.total_period: 6.494321813888806
sojourn.compartment_periods_calculated.exposed.total_period: 3.831551623267024
testing_to_detection.assumed_cdr_parameter: 0.028652842496088758
vaccination.vacc_prop_prevent_infection: 0.6888725824014609
voc_emergence.alpha_beta.contact_rate_multiplier: 1.475142530800213
voc_emergence.alpha_beta.start_time: 319.2816747382513