clinical_stratification.icu_prop: 0.16585435670582027
clinical_stratification.props.symptomatic.multiplier: 0.66580899403942
contact_rate: 0.023068463596231485
icu_occupancy_dispersion_param: 136.63313618152762
infection_deaths_dispersion_param: 37.79162496846785
infection_fatality.multiplier: 1.865662052513485
infectious_seed: 130.30757347886657
mobility.microdistancing.behaviour.parameters.upper_asymptote: 0.09870739743365456
notifications_dispersion_param: 2783.047676275004
sojourn.compartment_periods_calculated.active.total_period: 5.066312933055363
sojourn.compartment_periods_calculated.exposed.total_period: 6.3856532987724615
testing_to_detection.assumed_cdr_parameter: 0.02032632040326629
voc_emergence.alpha_beta.contact_rate_multiplier: 1.4689707133979975
voc_emergence.alpha_beta.start_time: 342.650215681203
voc_emergence.delta.contact_rate_multiplier: 2.46171841109263766
voc_emergence.delta.start_time: 457.48167064145196