clinical_stratification.icu_prop: 0.07459233488424047
clinical_stratification.non_sympt_infect_multiplier: 0.4674013678592056
clinical_stratification.props.symptomatic.multiplier: 1.0536937642914623
contact_rate: 0.03077811021727147
infection_deaths_dispersion_param: 49.00330550381882
infection_fatality.multiplier: 0.5902718050263714
infectious_seed: 886.404173808315
mobility.microdistancing.behaviour.parameters.upper_asymptote: 0.2283798001857214
notifications_dispersion_param: 2686.602476437144
sojourn.compartment_periods_calculated.active.total_period: 6.468649518308933
sojourn.compartment_periods_calculated.exposed.total_period: 5.437633741904219
testing_to_detection.assumed_cdr_parameter: 0.008101356387771706
voc_emergence.alpha_beta.contact_rate_multiplier: 1.5662024754998347
voc_emergence.alpha_beta.start_time: 356.0246597391801
voc_emergence.delta.contact_rate_multiplier: 2.756409603818512
voc_emergence.delta.start_time: 476.1154579386713