clinical_stratification.icu_prop: 0.2296042026233829
clinical_stratification.non_sympt_infect_multiplier: 0.40554683048107554
clinical_stratification.props.hospital.multiplier: 1.194651945037124
clinical_stratification.props.symptomatic.multiplier: 0.6527232859179412
contact_rate: 0.02439668310473287
icu_occupancy_dispersion_param: 84.3998343381684
infection_deaths_dispersion_param: 7.341444106744594
infectious_seed: 42.40731703638807
mobility.microdistancing.behaviour.parameters.upper_asymptote: 0.11785214394899685
notifications_dispersion_param: 1090.8087290035
sojourn.compartment_periods_calculated.active.total_period: 7.487489334611828
sojourn.compartment_periods_calculated.exposed.total_period: 4.596197362502506
testing_to_detection.assumed_cdr_parameter: 0.060940381892566356
vaccination.vacc_prop_prevent_infection: 0.5242076189087254
voc_emergence.alpha_beta.contact_rate_multiplier: 1.5393370508267754
voc_emergence.alpha_beta.start_time: 354.3740689393108