clinical_stratification.icu_prop: 0.05009659807677837
clinical_stratification.non_sympt_infect_multiplier: 0.5085073675994655
clinical_stratification.props.hospital.multiplier: 0.006160959764299263
clinical_stratification.props.symptomatic.multiplier: 1.12607494940772
contact_rate: 0.030944625829380623
icu_occupancy_dispersion_param: 178.55482158223464
infection_deaths_dispersion_param: 68.5086319560952
infection_fatality.multiplier: 0.7108138935680886
infectious_seed: 835.050264570651
mobility.microdistancing.behaviour.parameters.start_asymptote: 0.01643802520209793
notifications_dispersion_param: 2590.794161799873
sojourn.compartment_periods_calculated.active.total_period: 6.157906426884344
sojourn.compartment_periods_calculated.exposed.total_period: 5.438104992215724
testing_to_detection.assumed_cdr_parameter: 0.006343088698321835
vaccination_risk.risk_multiplier: 1.1956877583214272
voc_emergence.alpha_beta.contact_rate_multiplier: 1.6114134866456156
voc_emergence.alpha_beta.start_time: 379.743239742568
voc_emergence.delta.contact_rate_multiplier: 3.1391778417991043
voc_emergence.delta.start_time: 485.26199254998323