clinical_stratification.icu_prop: 0.15918221749545475
clinical_stratification.props.symptomatic.multiplier: 0.6034850810719365
contact_rate: 0.022849845637824526
icu_occupancy_dispersion_param: 174.06062599036545
infection_deaths_dispersion_param: 46.565538587017826
infection_fatality.multiplier: 2.4568963448327327
infectious_seed: 75.80977589966542
mobility.microdistancing.behaviour.parameters.upper_asymptote: 0.10518725628962834
notifications_dispersion_param: 2889.116530666741
sojourn.compartment_periods_calculated.active.total_period: 6.146261218115701
sojourn.compartment_periods_calculated.exposed.total_period: 5.404523731047426
testing_to_detection.assumed_cdr_parameter: 0.020791737475074977
voc_emergence.alpha_beta.contact_rate_multiplier: 1.5682620337363868
voc_emergence.alpha_beta.start_time: 355.47198723069505
voc_emergence.delta.contact_rate_multiplier: 2.7969778945283108
voc_emergence.delta.start_time: 465.8960727471789