clinical_stratification.icu_prop: 0.18376155470432595
clinical_stratification.non_sympt_infect_multiplier: 0.38212537950401937
clinical_stratification.props.hospital.multiplier: 1.0502421623545157
clinical_stratification.props.symptomatic.multiplier: 0.4694185946686547
contact_rate: 0.02685711578134027
icu_occupancy_dispersion_param: 88.70882440313021
infection_deaths_dispersion_param: 6.885898323027175
infectious_seed: 141.41843450476705
mobility.microdistancing.behaviour.parameters.upper_asymptote: 0.2156477624817541
notifications_dispersion_param: 985.2502961734793
sojourn.compartment_periods_calculated.active.total_period: 6.70347858886813
sojourn.compartment_periods_calculated.exposed.total_period: 5.863221949684099
testing_to_detection.assumed_cdr_parameter: 0.0834959421259754
vaccination.coverage_override: 0.7966388540725411
vaccination.overall_efficacy: 0.08485833626133998
vaccination.vacc_prop_prevent_infection: 0.5278695004909544
voc_emergence.contact_rate_multiplier: 1.9726711159686474
voc_emergence.start_time: 359.8099375235393