clinical_stratification.icu_prop: 0.2220666493957676
clinical_stratification.non_sympt_infect_multiplier: 0.30833576229295284
clinical_stratification.props.hospital.multiplier: 0.7656390031910727
clinical_stratification.props.symptomatic.multiplier: 0.8581968511991214
contact_rate: 0.029994068082750222
icu_occupancy_dispersion_param: 65.35687527703416
infection_deaths_dispersion_param: 5.731833194677725
infectious_seed: 138.5941175511581
mobility.microdistancing.behaviour.parameters.upper_asymptote: 0.22881592550274016
notifications_dispersion_param: 817.166277273559
sojourn.compartment_periods_calculated.active.total_period: 6.019598518859482
sojourn.compartment_periods_calculated.exposed.total_period: 4.281236490063498
testing_to_detection.assumed_cdr_parameter: 0.08
vaccination.overall_efficacy: 0.04026238167502851
vaccination.vacc_prop_prevent_infection: 0.6489561104865617
voc_emergence.contact_rate_multiplier: 1.9801284555846084
voc_emergence.start_time: 353.6607575847093
