clinical_stratification.props.symptomatic.multiplier: 0.6124596330757357
contact_rate: 0.023254475540168303
icu_occupancy_dispersion_param: 166.92946930225798
infection_deaths_dispersion_param: 34.068842261015604
infection_fatality.multiplier: 1.7167971306086764
infectious_seed: 97.40352018291831
mobility.microdistancing.behaviour.parameters.upper_asymptote: 0.0952234189063669
notifications_dispersion_param: 2467.515315197971
sojourn.compartment_periods_calculated.active.total_period: 5.583979029848395
sojourn.compartment_periods_calculated.exposed.total_period: 5.842520560147036
testing_to_detection.assumed_cdr_parameter: 0.024746850736910558
voc_emergence.alpha_beta.contact_rate_multiplier: 1.4677355889227646
voc_emergence.alpha_beta.start_time: 338.3548261951201
voc_emergence.delta.contact_rate_multiplier: 2.8640449947613904
voc_emergence.delta.start_time: 478.1397494781033