clinical_stratification.icu_prop: 0.22569201230604202
clinical_stratification.non_sympt_infect_multiplier: 0.16366768688816535
clinical_stratification.props.hospital.multiplier: 1.2486438769904908
clinical_stratification.props.symptomatic.multiplier: 0.9850193398014863
contact_rate: 0.031138099125837173
icu_occupancy_dispersion_param: 105.85276291007519
infection_deaths_dispersion_param: 10.895396574522703
infection_fatality.multiplier: 2.067444647480371
infectious_seed: 152.39692959067216
mobility.microdistancing.behaviour.parameters.upper_asymptote: 0.262113608634753
notifications_dispersion_param: 1115.0580536730513
sojourn.compartment_periods_calculated.active.total_period: 5.952762936575454
sojourn.compartment_periods_calculated.exposed.total_period: 6.619325394249858
testing_to_detection.assumed_cdr_parameter: 0.04944470995171348
vaccination.coverage_override: 0.7259480276519475
vaccination.overall_efficacy: 0.49654438911904053
vaccination.vacc_prop_prevent_infection: 0.6973395186557466
voc_emergence.contact_rate_multiplier: 2.1406961524269392
voc_emergence.start_time: 355.94194045517156