clinical_stratification.icu_prop: 0.09572945722357356
clinical_stratification.props.hospital.multiplier: 0.26160959764299263
contact_rate: 0.03470416662347253
infection_fatality.multiplier: 0.308373133436997
infectious_seed: 700.97146111492927
testing_to_detection.assumed_cdr_parameter: 0.00810765824775304612
voc_emergence.alpha_beta.contact_rate_multiplier: 1.71479973781807317
voc_emergence.alpha_beta.start_time: 384.3222721001811
voc_emergence.delta.contact_rate_multiplier: 3.36391778417991043
voc_emergence.delta.start_time: 490.26199254998323