clinical_stratification.icu_prop: 0.10275411405174745
clinical_stratification.non_sympt_infect_multiplier: 0.47246453074360995
clinical_stratification.props.symptomatic.multiplier: 1.0958259799192516
contact_rate: 0.03118766495194688
infection_deaths_dispersion_param: 43.93518100872083
infection_fatality.multiplier: 0.2687787808155
infectious_seed: 853.5648985526475
mobility.microdistancing.behaviour.parameters.upper_asymptote: 0.23034262411572398
notifications_dispersion_param: 2222.2434754189276
sojourn.compartment_periods_calculated.active.total_period: 6.4502448745239604
sojourn.compartment_periods_calculated.exposed.total_period: 5.71539471206937
testing_to_detection.assumed_cdr_parameter: 0.0067862002976332506
voc_emergence.alpha_beta.contact_rate_multiplier: 1.5483370650565809
voc_emergence.alpha_beta.start_time: 351.4189589271104
voc_emergence.delta.contact_rate_multiplier: 2.6739995362408706
voc_emergence.delta.start_time: 475.4744284053951