clinical_stratification.props.symptomatic.multiplier: 0.6437087859274534
contact_rate: 0.023201204824025604
icu_occupancy_dispersion_param: 157.18304291204356
infection_deaths_dispersion_param: 28.580465277660807
infection_fatality.multiplier: 2.01781305322315
clinical_stratification.icu_prop: 0.1699311705674862
infectious_seed: 111.5425001681777
mobility.microdistancing.behaviour.parameters.upper_asymptote: 0.10821087874336688
notifications_dispersion_param: 2805.0460354800616
sojourn.compartment_periods_calculated.active.total_period: 5.228057892791577
sojourn.compartment_periods_calculated.exposed.total_period: 6.263639936137093
testing_to_detection.assumed_cdr_parameter: 0.0195769908034375
voc_emergence.alpha_beta.contact_rate_multiplier: 1.4744201275968956
voc_emergence.alpha_beta.start_time: 336.2181958133689
voc_emergence.delta.contact_rate_multiplier: 2.72504843609328936
voc_emergence.delta.start_time: 470.97874343532374