clinical_stratification.icu_prop: 0.22953272050380708
clinical_stratification.non_sympt_infect_multiplier: 0.2779355559479183
clinical_stratification.props.symptomatic.multiplier: 1.2427040786146595
contact_rate: 0.03457792280748201
icu_occupancy_dispersion_param: 69.7206140788604
infection_deaths_dispersion_param: 6.474422199983877
infection_fatality.multiplier: 0.9625698964311894
infectious_seed: 194.80515733042358
mobility.microdistancing.behaviour.parameters.upper_asymptote: 0.16768052950034124
notifications_dispersion_param: 1107.3497907429391
sojourn.compartment_periods_calculated.active.total_period: 6.091246375474227
sojourn.compartment_periods_calculated.exposed.total_period: 5.315704271134936
testing_to_detection.assumed_cdr_parameter: 0.0614397400039651
vaccination.coverage_override: 0.8166146595102847
vaccination.overall_efficacy: 0.23665554067043315
vaccination.vacc_prop_prevent_infection: 0.5315258903947769
voc_emergence.alpha_beta.contact_rate_multiplier: 1.5731012048333752
voc_emergence.alpha_beta.start_time: 353.1878436924416