clinical_stratification.props.symptomatic.multiplier: 0.7787203939945612
contact_rate: 0.024202513988889666
icu_occupancy_dispersion_param: 175.32221830325975
infection_deaths_dispersion_param: 32.602675347869116
infection_fatality.multiplier: 1.05637276977054
infectious_seed: 53.99964306188526
mobility.microdistancing.behaviour.parameters.upper_asymptote: 0.0623633378278719
notifications_dispersion_param: 2642.282606402979
sojourn.compartment_periods_calculated.active.total_period: 5.021394019138654
sojourn.compartment_periods_calculated.exposed.total_period: 4.784079004427758
testing_to_detection.assumed_cdr_parameter: 0.00822762182192653285
voc_emergence.alpha_beta.contact_rate_multiplier: 1.283911367879449
voc_emergence.alpha_beta.start_time: 303.6204993402983
voc_emergence.delta.contact_rate_multiplier: 2.930084269107002
voc_emergence.delta.start_time: 475.0282159291975