clinical_stratification.icu_prop: 0.08131620400192319
clinical_stratification.non_sympt_infect_multiplier: 0.42498705855106633
clinical_stratification.props.symptomatic.multiplier: 1.1048257438616362
contact_rate: 0.03430628859416836
icu_occupancy_dispersion_param: 67.41275230848164
infection_deaths_dispersion_param: 5.571222946581237
infection_fatality.multiplier: 0.36644401796346704
infectious_seed: 179.03009689422595
mobility.microdistancing.behaviour.parameters.upper_asymptote: 0.14125097710993428
notifications_dispersion_param: 968.9398253042081
sojourn.compartment_periods_calculated.active.total_period: 6.289489773860291
sojourn.compartment_periods_calculated.exposed.total_period: 3.4688570513868813
testing_to_detection.assumed_cdr_parameter: 0.016034860265216753
vaccination.coverage_override: 0.9728867708262707
vaccination.overall_efficacy: 0.7169218428822154
vaccination.vacc_prop_prevent_infection: 0.7508915773714256
voc_emergence.alpha_beta.contact_rate_multiplier: 1.5308733399141776
voc_emergence.alpha_beta.start_time: 374.01376932559685