clinical_stratification.icu_prop: 0.23435600651109578
clinical_stratification.non_sympt_infect_multiplier: 0.3272648852095653
clinical_stratification.props.symptomatic.multiplier: 1.2674176374744464
contact_rate: 0.03191474430760838
icu_occupancy_dispersion_param: 80.47940317479855
infection_deaths_dispersion_param: 6.278185044977487
infection_fatality.multiplier: 1.1861176005845826
infectious_seed: 182.94199148137338
mobility.microdistancing.behaviour.parameters.upper_asymptote: 0.1190422337579422
notifications_dispersion_param: 1019.3914889953312
sojourn.compartment_periods_calculated.active.total_period: 6.81060789934986
sojourn.compartment_periods_calculated.exposed.total_period: 6.36688661288877
testing_to_detection.assumed_cdr_parameter: 0.09654597361636097
vaccination.vacc_prop_prevent_infection: 0.7204773030840982
voc_emergence.alpha_beta.contact_rate_multiplier: 1.5614498483527406
voc_emergence.alpha_beta.start_time: 355.0040004418259