clinical_stratification.icu_prop: 0.16589237784410976
clinical_stratification.props.symptomatic.multiplier: 0.629378118475857
contact_rate: 0.022656824903579502
icu_occupancy_dispersion_param: 164.42092664487407
infection_deaths_dispersion_param: 40.73800368043061
infection_fatality.multiplier: 3.2438170540942736
infectious_seed: 112.2294068985855
mobility.microdistancing.behaviour.parameters.upper_asymptote: 0.09299636523978327
notifications_dispersion_param: 3060.9508645693645
sojourn.compartment_periods_calculated.active.total_period: 5.814357363134734
sojourn.compartment_periods_calculated.exposed.total_period: 5.332024428390221
testing_to_detection.assumed_cdr_parameter: 0.027254927861863042
voc_emergence.alpha_beta.contact_rate_multiplier: 1.5477336557953427
voc_emergence.alpha_beta.start_time: 348.8927465922518
voc_emergence.delta.contact_rate_multiplier: 2.73563041939236195
voc_emergence.delta.start_time: 469.81787145970276