clinical_stratification.icu_prop: 0.17553910363293976
clinical_stratification.non_sympt_infect_multiplier: 0.22858316387194322
clinical_stratification.props.hospital.multiplier: 1.3231327300785227
clinical_stratification.props.symptomatic.multiplier: 1.009259275472229
contact_rate: 0.027741039068189925
icu_occupancy_dispersion_param: 78.09460756171418
infection_deaths_dispersion_param: 6.479671420981872
infectious_seed: 158.7843477649249
mobility.microdistancing.behaviour.parameters.upper_asymptote: 0.06730324109665331
notifications_dispersion_param: 1081.0517970159053
sojourn.compartment_periods_calculated.active.total_period: 7.001246256540593
sojourn.compartment_periods_calculated.exposed.total_period: 4.914056381970479
testing_to_detection.assumed_cdr_parameter: 0.03333035544822232
vaccination.vacc_prop_prevent_infection: 0.5971804730635832
voc_emergence.alpha_beta.contact_rate_multiplier: 1.5016107158946934
voc_emergence.alpha_beta.start_time: 384.64178196527035