clinical_stratification.icu_prop: 0.251083428921513953
clinical_stratification.non_sympt_infect_multiplier: 0.16986451615960327
clinical_stratification.props.hospital.multiplier: 1.0102359101146452
clinical_stratification.props.symptomatic.multiplier: 1.1154818872251708
contact_rate: 0.031161153762802665
icu_occupancy_dispersion_param: 54.494865045790064
infection_deaths_dispersion_param: 15.122058638162757
infection_fatality.multiplier: 2.536919572598172
infectious_seed: 250.24666137720018
mobility.microdistancing.behaviour.parameters.upper_asymptote: 0.193429373858739
notifications_dispersion_param: 966.1780217318819
sojourn.compartment_periods_calculated.active.total_period: 5.442869571827863
sojourn.compartment_periods_calculated.exposed.total_period: 7.28826728282656
testing_to_detection.assumed_cdr_parameter: 0.062335993929856476
contact_tracing.assumed_trace_prop: 0.6809646172780593
vaccination.coverage_override: 0.2115800560094676
vaccination.overall_efficacy: 0.028688955168473584
vaccination.vacc_prop_prevent_infection: 0.700476589285974
voc_emergence.voc_strain(0).voc_components.contact_rate_multiplier: 1.95798987160927
voc_emergence.voc_strain(0).voc_components.start_time: 360.71144235434133
voc_emergence.voc_strain(1).voc_components.contact_rate_multiplier: 2.63633553944114
voc_emergence.voc_strain(1).voc_components.start_time: 500.39264330358117

