clinical_stratification.icu_prop: 0.07492464078881228
clinical_stratification.non_sympt_infect_multiplier: 0.44803717649645547
clinical_stratification.props.symptomatic.multiplier: 1.033368406893156
contact_rate: 0.030921474638846865
infection_deaths_dispersion_param: 45.42751608924175
infection_fatality.multiplier: 0.33667079795515703
infectious_seed: 648.9696695107799
mobility.microdistancing.behaviour.parameters.upper_asymptote: 0.22694651720755377
notifications_dispersion_param: 2986.8473700534237
sojourn.compartment_periods_calculated.active.total_period: 6.518916883849844
sojourn.compartment_periods_calculated.exposed.total_period: 6.418284619063267
testing_to_detection.assumed_cdr_parameter: 0.005961615602567822
voc_emergence.alpha_beta.contact_rate_multiplier: 1.576020406221566
voc_emergence.alpha_beta.start_time: 358.3093746657885
voc_emergence.delta.contact_rate_multiplier: 2.7514210052366486
voc_emergence.delta.start_time: 474.4332530029694