clinical_stratification.icu_prop: 0.018504763340487
contact_rate: 0.03610984932395775
infection_fatality.multiplier: 0.00913587643280136387
infectious_seed: 201.70307439600032
mobility.microdistancing.behaviour.parameters.end_asymptote: 0.27450876862452533
testing_to_detection.assumed_cdr_parameter: 0.0016279704897996516
voc_emergence.alpha_beta.start_time: 367.743239742568
voc_emergence.alpha_beta.contact_rate_multiplier: 2.418114134866456156