clinical_stratification.icu_prop: 0.23762589852009913
clinical_stratification.non_sympt_infect_multiplier: 0.3671120850040538
clinical_stratification.props.hospital.multiplier: 1.195730302422434
clinical_stratification.props.symptomatic.multiplier: 0.5907764842017931
contact_rate: 0.026467449547175826
icu_occupancy_dispersion_param: 69.01381553090906
infection_deaths_dispersion_param: 7.297125653267739
infectious_seed: 73.88183162530159
mobility.microdistancing.behaviour.parameters.upper_asymptote: 0.048515265268663725
notifications_dispersion_param: 991.5674540406428
sojourn.compartment_periods_calculated.active.total_period: 6.948311921541656
sojourn.compartment_periods_calculated.exposed.total_period: 5.155033677453448
testing_to_detection.assumed_cdr_parameter: 0.0655646333303431
vaccination.vacc_prop_prevent_infection: 0.787862955696444
voc_emergence.alpha_beta.contact_rate_multiplier: 1.5292697278290714
voc_emergence.alpha_beta.start_time: 351.271888592534