clinical_stratification.icu_prop: 0.2199977598743334
clinical_stratification.non_sympt_infect_multiplier: 0.3973094088014809
clinical_stratification.props.hospital.multiplier: 0.9039965227871887
clinical_stratification.props.symptomatic.multiplier: 0.9084884983247203
contact_rate: 0.022468695071279236
icu_occupancy_dispersion_param: 37.51211099325852
infectious_seed: 199.79876037044622
mobility.microdistancing.behaviour.parameters.upper_asymptote: 0.06254410938398039
notifications_dispersion_param: 560.4694650644988
sojourn.compartment_periods_calculated.active.total_period: 6.926298523782899
sojourn.compartment_periods_calculated.exposed.total_period: 6.493407434081397
testing_to_detection.assumed_cdr_parameter: 0.03820384251564245
