clinical_stratification.icu_prop: 0.1511205856530554
clinical_stratification.non_sympt_infect_multiplier: 0.19345882383406818
clinical_stratification.props.hospital.multiplier: 0.9701662760552556
clinical_stratification.props.symptomatic.multiplier: 1.9267930856311075
contact_rate: 0.03604713790203994
infectious_seed: 118.10706049901503
mobility.microdistancing.behaviour.parameters.upper_asymptote: 0.3873105130015102
notifications_dispersion_param: 136.95764453786217
sojourn.compartment_periods_calculated.active.total_period: 7.279063721445638
sojourn.compartment_periods_calculated.exposed.total_period: 7.219337253113756
testing_to_detection.assumed_cdr_parameter: 0.08635357579259281
vaccination.overall_efficacy: 0.01692155040126753
vaccination.vacc_prop_prevent_infection: 0.8107236026123681
voc_emergence.start_time: 398.813755512145