clinical_stratification.icu_prop: 0.20440674868366843
clinical_stratification.non_sympt_infect_multiplier: 0.34215791984387434
clinical_stratification.props.hospital.multiplier: 1.0394135443316546
clinical_stratification.props.symptomatic.multiplier: 0.460788154107392
contact_rate: 0.02801606619557413
icu_occupancy_dispersion_param: 79.2512088765655
infection_deaths_dispersion_param: 6.8147922661528435
infectious_seed: 174.17085159235128
mobility.microdistancing.behaviour.parameters.upper_asymptote: 0.2265247815240306
notifications_dispersion_param: 981.8495813772362
sojourn.compartment_periods_calculated.active.total_period: 6.806862091468322
sojourn.compartment_periods_calculated.exposed.total_period: 5.063458988151094
testing_to_detection.assumed_cdr_parameter: 0.05438479284768366
vaccination.coverage_override: 0.8717461874245372
vaccination.overall_efficacy: 0.39318694814091704
vaccination.vacc_prop_prevent_infection: 0.650056813940572
voc_emergence.contact_rate_multiplier: 1.979373363515796
voc_emergence.start_time: 355.26357333203055
