sojourn.compartment_periods_calculated.exposed.total_period: 0.12562286350146268
sojourn.compartment_periods_calculated.active.total_period: 0.030532432689432287
infectious_seed: 0.04220437386528886
contact_rate: 4.5340346931849185e-05
clinical_stratification.icu_prop: 0.008626855716369952
clinical_stratification.props.hospital.multiplier: 0.0005048722223670588
infection_fatality.multiplier: 0.1325173420607172
testing_to_detection.assumed_cdr_parameter: 0.00017541155066134106
mobility.microdistancing.behaviour.parameters.max_effect: 0.0005610988876508238