sojourn.compartment_periods_calculated.exposed.total_period: 0.16980323093001815
sojourn.compartment_periods_calculated.active.total_period: 0.08582150183433379
infectious_seed: 0.04884815253626662
contact_rate: 5.5850640402407836e-05
clinical_stratification.icu_prop: 0.07757507415787945
clinical_stratification.props.hospital.multiplier: 0.0544511255853401
infection_fatality.multiplier: 0.20000000000000007
testing_to_detection.assumed_cdr_parameter: 0.00022423441667913805
mobility.microdistancing.behaviour.parameters.max_effect: 0.003469955163292293