sojourn.compartment_periods_calculated.exposed.total_period: 0.15871449531537518
sojourn.compartment_periods_calculated.active.total_period: 0.022563191268117233
infectious_seed: 0.22724694029666304
contact_rate: 5.393807666702333e-05
clinical_stratification.icu_prop: 0.07138167100709236
clinical_stratification.props.hospital.multiplier: 0.04056681729326117
infection_fatality.multiplier: 0.029155494954507755
testing_to_detection.assumed_cdr_parameter: 0.00017770714678673992
mobility.microdistancing.behaviour.parameters.max_effect: 0.0017622436189812518