sojourn.compartment_periods_calculated.exposed.total_period: 0.15889790579383867
sojourn.compartment_periods_calculated.active.total_period: 0.022550924716375764
infectious_seed: 0.23279976707034322
contact_rate: 5.3761717240863316e-05
clinical_stratification.icu_prop: 0.07344993849667347
clinical_stratification.props.hospital.multiplier: 0.042665621857720326
infection_fatality.multiplier: 0.029155497944524877
testing_to_detection.assumed_cdr_parameter: 0.00017759704931213666
mobility.microdistancing.behaviour.parameters.max_effect: 0.001707937585561814