clinical_stratification.props.hospital.multiplier: 0.9045785502433854
contact_rate: 0.029622860437404128
infectious_seed: 76.930261348461
testing_to_detection.assumed_cdr_parameter: 0.19913615397749962
vaccination.overall_efficacy: 0.6378566339188821
vaccination.vacc_prop_prevent_infection: 0.7401720400790838
voc_emergence.start_time: 510.6829545405041
