accum_deaths_dispersion_param: 4.368949402439497
clinical_stratification.props.hospital.multiplier: 0.6714540755385152
clinical_stratification.props.symptomatic.multiplier: 1.2092875751436123
contact_rate: 0.029495757666854864
icu_occupancy_dispersion_param: 3.9720901275332507
infection_fatality.multiplier: 0.8529193565899833
infectious_seed: 20.493130086349346
mobility.microdistancing.behaviour.parameters.max_effect: 0.12443961661781738
mobility.microdistancing.behaviour_adjuster.parameters.inflection_time: 390.83250538605137
mobility.microdistancing.behaviour_adjuster.parameters.lower_asymptote: 0.8255200593209463
notifications_dispersion_param: 3.72614097066258
sojourn.compartment_periods_calculated.active.total_period: 7.078066498657404
sojourn.compartment_periods_calculated.exposed.total_period: 3.102336229167649
testing_to_detection.assumed_cdr_parameter: 0.1978389115673234
voc_emergence.contact_rate_multiplier: 1.682796060605796
voc_emergence.start_time: 465.0914029673751
