accum_deaths_dispersion_param: 4.061372551050655
clinical_stratification.props.hospital.multiplier: 0.9045785502433854
clinical_stratification.props.symptomatic.multiplier: 1.007742149857345
contact_rate: 0.029622860437404128
icu_occupancy_dispersion_param: 3.6410293962047313
infection_fatality.multiplier: 0.6240681215077948
infectious_seed: 76.930261348461
mobility.microdistancing.behaviour.parameters.max_effect: 0.185434697425922
mobility.microdistancing.behaviour_adjuster.parameters.inflection_time: 384.2035543069659
mobility.microdistancing.behaviour_adjuster.parameters.lower_asymptote: 0.8773633757359669
notifications_dispersion_param: 2.5373892745348625
sojourn.compartment_periods_calculated.active.total_period: 6.888157039870493
sojourn.compartment_periods_calculated.exposed.total_period: 4.198403333469684
testing_to_detection.assumed_cdr_parameter: 0.19913615397749962
vaccination.overall_efficacy: 0.6378566339188821
vaccination.vacc_prop_prevent_infection: 0.7401720400790838
voc_emergence.voc_strain(0).voc_components.contact_rate_multiplier: 2.01073289641928
voc_emergence.voc_strain(0).voc_components.start_time: 510.6829545405041
