clinical_stratification.props.hospital.multiplier: 0.5039472166525482
contact_rate: 0.05141294605762178
infection_fatality.multiplier: 0.5160177336025976
testing_to_detection.assumed_cdr_parameter: 0.17489402091015366
voc_emergence.delta.contact_rate_multiplier: 2.0040694747055863
