clinical_stratification.props.hospital.multiplier: 0.6212564929671427
contact_rate: 0.024979766014229427
infectious_seed: 261.2912838961543
testing_to_detection.assumed_cdr_parameter: 0.17296807583503954
vaccination.overall_efficacy: 0.5271780139349836
vaccination.vacc_prop_prevent_infection: 0.7695899869035506
voc_emergence.start_time: 536.7930722157611
