clinical_stratification.icu_prop: 0.2160839654635125
clinical_stratification.non_sympt_infect_multiplier: 0.35800004155849163
clinical_stratification.props.hospital.multiplier: 0.9200747533836975
clinical_stratification.props.symptomatic.multiplier: 1.1673704820935287
contact_rate: 0.03272652846431932
infectious_seed: 122.59544019506858
mobility.microdistancing.behaviour.parameters.upper_asymptote: 0.2667505679354667
notifications_dispersion_param: 96.64094329926844
sojourn.compartment_periods_calculated.active.total_period: 6.6696853466684605
sojourn.compartment_periods_calculated.exposed.total_period: 5.741288820328059
testing_to_detection.assumed_cdr_parameter: 0.09137249276189345
vaccination.overall_efficacy: 0.9220764582459096
vaccination.vacc_prop_prevent_infection: 0.8686804504159373
voc_emergence.contact_rate_multiplier: 1.5838400604746123
voc_emergence.start_time: 397.49977097646047
