clinical_stratification.icu_prop: 0.23582601349202637
clinical_stratification.non_sympt_infect_multiplier: 0.21810472030872105
clinical_stratification.props.hospital.multiplier: 0.9042284031570285
clinical_stratification.props.symptomatic.multiplier: 1.2500823470767386
contact_rate: 0.0378102422500727
infection_deaths_dispersion_param: 0.4828904322241091
infectious_seed: 105.91629869390147
mobility.microdistancing.behaviour.parameters.upper_asymptote: 0.1897762526318185
notifications_dispersion_param: 92.69928062450349
sojourn.compartment_periods_calculated.active.total_period: 8.014894536379797
sojourn.compartment_periods_calculated.exposed.total_period: 4.951759782536362
testing_to_detection.assumed_cdr_parameter: 0.10831734913546084
vaccination.coverage: 0.8742331368103549
vaccination.end_time: 842.7016904841145
vaccination.overall_efficacy: 0.2121062881244037
vaccination.start_time: 446.84306700250056
vaccination.vacc_prop_prevent_infection: 0.2456329706851233
voc_emergence.contact_rate_multiplier: 1.3535521333716345
voc_emergence.start_time: 482.877830684702
