clinical_stratification.icu_prop: 0.2184603140709598
clinical_stratification.non_sympt_infect_multiplier: 0.20401930616396935
clinical_stratification.props.hospital.multiplier: 1.009810219510948
clinical_stratification.props.symptomatic.multiplier: 1.9517548569134267
contact_rate: 0.036167319299728606
infectious_seed: 115.8328828069157
mobility.microdistancing.behaviour.parameters.upper_asymptote: 0.321636908376695
notifications_dispersion_param: 94.3353883594305
sojourn.compartment_periods_calculated.active.total_period: 5.966333883630329
sojourn.compartment_periods_calculated.exposed.total_period: 6.532670316600099
testing_to_detection.assumed_cdr_parameter: 0.09236680771896336
vaccination.overall_efficacy: 0.5351958617749933
vaccination.vacc_prop_prevent_infection: 0.7457049326297439
voc_emergence.contact_rate_multiplier: 1.8116700043297946
voc_emergence.start_time: 395.0686615093888
