clinical_stratification.icu_prop: 0.1378259858255593
clinical_stratification.non_sympt_infect_multiplier: 0.5726468466003964
clinical_stratification.props.symptomatic.multiplier: 0.8826531848307203
contact_rate: 0.052570802641908214
infection_fatality.multiplier: 1.070587178752474
infectious_seed: 199.48040461847356
mobility.microdistancing.behaviour.parameters.upper_asymptote: 0.48322659534628454
notifications_dispersion_param: 101.67639882564171
sojourn.compartment_periods_calculated.active.total_period: 5.194454148264343
sojourn.compartment_periods_calculated.exposed.total_period: 3.7673602250897122
testing_to_detection.assumed_cdr_parameter: 0.07472254450814612
vaccination.coverage_override: 0.5822664225978302
vaccination.overall_efficacy: 0.9635348394208558
vaccination.vacc_prop_prevent_infection: 0.7175210654385906
voc_emergence.alpha_beta.contact_rate_multiplier: 1.586416939885256
voc_emergence.alpha_beta.start_time: 392.6116962324402