clinical_stratification.icu_prop: 0.09325917061865469
clinical_stratification.non_sympt_infect_multiplier: 0.3181332168703381
clinical_stratification.props.symptomatic.multiplier: 1.4677301159302873
contact_rate: 0.046972454688594
infection_fatality.multiplier: 0.3091331697242554
infectious_seed: 131.7285898929627
mobility.microdistancing.behaviour.parameters.upper_asymptote: 0.4373235167666987
notifications_dispersion_param: 96.54116562968457
sojourn.compartment_periods_calculated.active.total_period: 6.357887691251435
sojourn.compartment_periods_calculated.exposed.total_period: 4.18879940344467
testing_to_detection.assumed_cdr_parameter: 0.009487932995844665
vaccination.coverage_override: 0.24878611876467727
vaccination.overall_efficacy: 0.25460761163048684
vaccination.vacc_prop_prevent_infection: 0.69655586544341
voc_emergence.alpha_beta.contact_rate_multiplier: 1.6400774739917916
voc_emergence.alpha_beta.start_time: 405.7454279440285