clinical_stratification.icu_prop: 0.218859047615001
clinical_stratification.non_sympt_infect_multiplier: 0.5230013888176059
clinical_stratification.props.symptomatic.multiplier: 1.6821392165918883
contact_rate: 0.04823088831081659
infection_fatality.multiplier: 0.988516223165775
infectious_seed: 163.76952579499704
mobility.microdistancing.behaviour.parameters.upper_asymptote: 0.6167308846269303
notifications_dispersion_param: 102.08228671151062
sojourn.compartment_periods_calculated.active.total_period: 4.909115893830989
sojourn.compartment_periods_calculated.exposed.total_period: 5.3770564645836165
testing_to_detection.assumed_cdr_parameter: 0.17106060902016854
vaccination.coverage_override: 0.7938004360975834
vaccination.overall_efficacy: 0.13021861045072036
vaccination.vacc_prop_prevent_infection: 0.7342070684076933
voc_emergence.alpha_beta.contact_rate_multiplier: 1.8397821015927582
voc_emergence.alpha_beta.start_time: 414.14923515409873