clinical_stratification.icu_prop: 0.14694486055487463
clinical_stratification.non_sympt_infect_multiplier: 0.3687257275277247
clinical_stratification.props.symptomatic.multiplier: 1.4023432888080043
contact_rate: 0.04369258980633409
infection_fatality.multiplier: 0.38583586046060014
infectious_seed: 111.46592864052431
mobility.microdistancing.behaviour.parameters.upper_asymptote: 0.43330438376662345
notifications_dispersion_param: 103.55733433605695
sojourn.compartment_periods_calculated.active.total_period: 6.064837843847435
sojourn.compartment_periods_calculated.exposed.total_period: 5.727008038718136
testing_to_detection.assumed_cdr_parameter: 0.009942080199745176
vaccination.coverage_override: 0.18393653742980243
vaccination.overall_efficacy: 0.9208161508826407
vaccination.vacc_prop_prevent_infection: 0.7736051779764588
voc_emergence.alpha_beta.contact_rate_multiplier: 1.56655777043498
voc_emergence.alpha_beta.start_time: 393.79791507578096