clinical_stratification.icu_prop: 0.2325417892443118
clinical_stratification.non_sympt_infect_multiplier: 0.3883062609392035
clinical_stratification.props.symptomatic.multiplier: 1.202477192173324
contact_rate: 0.0342768424209261
icu_occupancy_dispersion_param: 82.3144000309619
infection_deaths_dispersion_param: 6.462009716216737
infection_fatality.multiplier: 1.2909605351109752
infectious_seed: 141.1414161661208
mobility.microdistancing.behaviour.parameters.upper_asymptote: 0.12040207826417773
notifications_dispersion_param: 1007.7655664718702
sojourn.compartment_periods_calculated.active.total_period: 5.842248492985554
sojourn.compartment_periods_calculated.exposed.total_period: 6.331747994086803
testing_to_detection.assumed_cdr_parameter: 0.0964655968979966
vaccination.vacc_prop_prevent_infection: 0.7199008052507005
voc_emergence.alpha_beta.contact_rate_multiplier: 1.5835942341799436
voc_emergence.alpha_beta.start_time: 366.6123466406414