clinical_stratification.icu_prop: 0.20025724581473112
clinical_stratification.non_sympt_infect_multiplier: 0.4274124236866317
clinical_stratification.props.symptomatic.multiplier: 1.5898443607984247
contact_rate: 0.03153949491762069
infection_fatality.multiplier: 1.103579898260915
infectious_seed: 155.0875414515898
mobility.microdistancing.behaviour.parameters.upper_asymptote: 0.3966343352863765
notifications_dispersion_param: 100.02630993814475
sojourn.compartment_periods_calculated.active.total_period: 6.215257492610023
sojourn.compartment_periods_calculated.exposed.total_period: 3.900250392750901
testing_to_detection.assumed_cdr_parameter: 0.06400786023144689
vaccination.coverage_override: 0.3950042007938739
vaccination.overall_efficacy: 0.47101695722640335
vaccination.vacc_prop_prevent_infection: 0.7145990226656849
voc_emergence.alpha_beta.contact_rate_multiplier: 1.5291789259103303
voc_emergence.alpha_beta.start_time: 399.27129977968985