clinical_stratification.icu_prop: 0.15835506571729555
clinical_stratification.non_sympt_infect_multiplier: 0.4145010042740158
clinical_stratification.props.symptomatic.multiplier: 1.0172564581547074
contact_rate: 0.05283962673555611
infection_fatality.multiplier: 1.4932327150994666
infectious_seed: 137.62185067965396
mobility.microdistancing.behaviour.parameters.upper_asymptote: 0.3792645458687321
notifications_dispersion_param: 96.68605369716092
sojourn.compartment_periods_calculated.active.total_period: 5.554309846226295
sojourn.compartment_periods_calculated.exposed.total_period: 4.330090167537255
testing_to_detection.assumed_cdr_parameter: 0.05190167131087704
vaccination.coverage_override: 0.9464836847452095
vaccination.overall_efficacy: 0.3525440179459022
vaccination.vacc_prop_prevent_infection: 0.4919785977536295
voc_emergence.alpha_beta.contact_rate_multiplier: 1.4307505222534886
voc_emergence.alpha_beta.start_time: 394.5130045717757