clinical_stratification.icu_prop: 0.23117629467925732
clinical_stratification.non_sympt_infect_multiplier: 0.2821513458326345
clinical_stratification.props.hospital.multiplier: 1.002005100105752
clinical_stratification.props.symptomatic.multiplier: 0.85267082412315
contact_rate: 0.019827994363896886
infectious_seed: 83.56041914264274
mobility.microdistancing.behaviour.parameters.upper_asymptote: 0.13701525076494347
notifications_dispersion_param: 163.53693858491488
sojourn.compartment_periods_calculated.active.total_period: 7.855791430349448
sojourn.compartment_periods_calculated.exposed.total_period: 5.921528590573312
testing_to_detection.assumed_cdr_parameter: 0.04158025869483274
vaccination.coverage_override: 0.12342294340811022
vaccination.overall_efficacy: 0.18862362082924478
vaccination.vacc_prop_prevent_infection: 0.6577592773381084
voc_emergence.contact_rate_multiplier: 1.8229649207680336
voc_emergence.start_time: 335.3521939284398
