clinical_stratification.icu_prop: 0.1583338581136956
clinical_stratification.non_sympt_infect_multiplier: 0.2890310715542057
clinical_stratification.props.symptomatic.multiplier: 1.474913652048025
contact_rate: 0.04077382004499535
infectious_seed: 187.2200674125231
mobility.microdistancing.behaviour.parameters.upper_asymptote: 0.360131702581187
notifications_dispersion_param: 102.29147408778935
sojourn.compartment_periods_calculated.active.total_period: 5.78909177099127
sojourn.compartment_periods_calculated.exposed.total_period: 3.2211769384129507
testing_to_detection.assumed_cdr_parameter: 0.059239530463485554
vaccination.coverage_override: 0.7571500254741377
vaccination.overall_efficacy: 0.6497436659413589
vaccination.vacc_prop_prevent_infection: 0.7703092893416956
voc_emergence.alpha_beta.contact_rate_multiplier: 1.5316161774573294
voc_emergence.alpha_beta.start_time: 370.043685047115