clinical_stratification.icu_prop: 0.18012597131107502
clinical_stratification.non_sympt_infect_multiplier: 0.39536245708168827
clinical_stratification.props.symptomatic.multiplier: 1.0041398077830035
contact_rate: 0.047921845603904105
infection_fatality.multiplier: 1.7688919817149515
infectious_seed: 154.14036966306668
mobility.microdistancing.behaviour.parameters.upper_asymptote: 0.3804481495971436
notifications_dispersion_param: 103.07674826333053
sojourn.compartment_periods_calculated.active.total_period: 6.261742204496735
sojourn.compartment_periods_calculated.exposed.total_period: 5.177904863201159
testing_to_detection.assumed_cdr_parameter: 0.04424266222657962
vaccination.coverage_override: 0.7159772658699637
vaccination.overall_efficacy: 0.2281654275293018
vaccination.vacc_prop_prevent_infection: 0.7611493838705021
voc_emergence.alpha_beta.contact_rate_multiplier: 1.3512099832479998
voc_emergence.alpha_beta.start_time: 379.6504795460961