clinical_stratification.icu_prop: 0.14662139496513407
clinical_stratification.non_sympt_infect_multiplier: 0.37791452900765565
clinical_stratification.props.symptomatic.multiplier: 1.8621472750733827
contact_rate: 0.04914632578746684
infection_fatality.multiplier: 1.3177610897035108
infectious_seed: 190.98276652712016
mobility.microdistancing.behaviour.parameters.upper_asymptote: 0.5939974403940282
notifications_dispersion_param: 100.65999221107805
sojourn.compartment_periods_calculated.active.total_period: 5.563554005616678
sojourn.compartment_periods_calculated.exposed.total_period: 4.649278107552683
testing_to_detection.assumed_cdr_parameter: 0.12943115635513078
vaccination.coverage_override: 0.8218099954815552
vaccination.overall_efficacy: 0.027909582365383767
vaccination.vacc_prop_prevent_infection: 0.5901475698731292
voc_emergence.alpha_beta.contact_rate_multiplier: 1.7676235800271747
voc_emergence.alpha_beta.start_time: 405.3113020365091