clinical_stratification.icu_prop: 0.12932079940300212
clinical_stratification.non_sympt_infect_multiplier: 0.3952791715607169
clinical_stratification.props.hospital.multiplier: 0.7024972740315346
clinical_stratification.props.symptomatic.multiplier: 1.715130523207502
contact_rate: 0.028449300200160538
infectious_seed: 116.70427923378207
mobility.microdistancing.behaviour.parameters.upper_asymptote: 0.2887366508797406
notifications_dispersion_param: 90.73393392600623
sojourn.compartment_periods_calculated.active.total_period: 7.639471862878553
sojourn.compartment_periods_calculated.exposed.total_period: 5.203771120426882
testing_to_detection.assumed_cdr_parameter: 0.09568449394967142
vaccination.overall_efficacy: 0.29471873149117545
vaccination.vacc_prop_prevent_infection: 0.9018692194241595
voc_emergence.voc_strain(0).voc_components.contact_rate_multiplier: 1.6706169106939146
voc_emergence.voc_strain(0).voc_components.start_time: 388.20334679339476

