clinical_stratification.icu_prop: 0.0996948497682341
clinical_stratification.non_sympt_infect_multiplier: 0.41245485492884426
clinical_stratification.props.symptomatic.multiplier: 1.336407517902983
contact_rate: 0.04906436528036833
infection_fatality.multiplier: 0.657590724683053
infectious_seed: 144.2047203645689
mobility.microdistancing.behaviour.parameters.upper_asymptote: 0.4987036505100857
notifications_dispersion_param: 101.25761878034851
sojourn.compartment_periods_calculated.active.total_period: 5.269213969252749
sojourn.compartment_periods_calculated.exposed.total_period: 3.847788996532717
testing_to_detection.assumed_cdr_parameter: 0.007322509618215305
vaccination.coverage_override: 0.6065548287401415
vaccination.overall_efficacy: 0.8629143491283799
vaccination.vacc_prop_prevent_infection: 0.7799510884160642
voc_emergence.alpha_beta.contact_rate_multiplier: 1.6870354226785653
voc_emergence.alpha_beta.start_time: 390.096699082389