age_stratification.cfr.multiplier: 0.0506038001232211
contact_rate: 0.0606333696798385
