age_stratification.cfr.multiplier: 0.306038001232211
contact_rate: 0.09533696798385