age_stratification.prop_hospital.multiplier: 0.5039629063456916
age_stratification.prop_hospital.source_immunity_protection.high: 0.8521453614272069
age_stratification.prop_hospital.source_immunity_protection.low: 0.590334548779367
contact_rate: 0.11956737666347309
detect_prop: 0.012582140322509774
hospital_stay.hospital_all.parameters.mean: 2.0429993265238435
hospital_stay.icu.parameters.mean: 3.159600086623088
immunity_stratification.infection_risk_reduction.high: 0.5642133649876678
immunity_stratification.infection_risk_reduction.low: 0.11145658079191562
infectious_seed: 253.25834576911905
prop_icu_among_hospitalised: 0.05017332700429202
sojourns.active.total_time: 4.75138947736794
time_from_onset_to_event.hospitalisation.parameters.mean: 6.863823787987685