accum_deaths_dispersion_param: 4.29881525271691
clinical_stratification.props.hospital.multiplier: 1.375057462451131
clinical_stratification.props.symptomatic.multiplier: 1.2660422024600124
contact_rate: 0.03278859535457459
icu_occupancy_dispersion_param: 4.774387868451888
infection_fatality.multiplier: 1.3463159406445429
infectious_seed: 50.15764485168162
mobility.microdistancing.behaviour.parameters.max_effect: 0.19301037760733497
mobility.microdistancing.behaviour_adjuster.parameters.inflection_time: 410.3827982891683
mobility.microdistancing.behaviour_adjuster.parameters.lower_asymptote: 0.8995087521181322
notifications_dispersion_param: 4.937071033615489
sojourn.compartment_periods_calculated.active.total_period: 6.0672461370050605
sojourn.compartment_periods_calculated.exposed.total_period: 4.466859425269447
testing_to_detection.assumed_cdr_parameter: 0.0906470356156254
voc_emmergence.end_time: 520
