accum_deaths_dispersion_param: 3.039270959785619
clinical_stratification.props.hospital.multiplier: 1.023501337630998
clinical_stratification.props.symptomatic.multiplier: 1.3174070585519764
contact_rate: 0.0328902241071973
icu_occupancy_dispersion_param: 3.6908646972259604
infection_fatality.multiplier: 1.5
infectious_seed: 85.76319032102633
mobility.microdistancing.behaviour.parameters.max_effect: .16 #0.14712169960180452
notifications_dispersion_param: 2.4140586612550354
sojourn.compartment_periods_calculated.active.total_period: 6.2387198384197085
sojourn.compartment_periods_calculated.exposed.total_period: 3.4695437547804238
testing_to_detection.assumed_cdr_parameter: 0.10954463222840684
voc_emmergence.final_proportion: 0.05
