clinical_stratification.props.hospital.multiplier: 0.9579778027051484
clinical_stratification.props.symptomatic.multiplier: 1.0551688541328414
contact_rate: 0.031210808371929882
infection_fatality.multiplier: 1.0248288867779183
infectious_seed: 87.46006388635425
mobility.microdistancing.behaviour.parameters.max_effect: 0.18024718960182606
sojourn.compartment_periods_calculated.active.total_period: 7.183569733931685
sojourn.compartment_periods_calculated.exposed.total_period: 4.271606090457556
testing_to_detection.assumed_cdr_parameter: 0.06521615402994424
