case_detection.end_value: 0.9497757844986232
case_detection.max_change_time: 153.02827526084732
case_detection.maximum_gradient: 0.08098901088723669
case_detection.start_value: 0.06471737205792279
clinical_stratification.props.hospital.multiplier: 0.7816123082124087
clinical_stratification.props.symptomatic.multiplier: 1.0841083198781736
contact_rate: 0.042
infection_deaths_dispersion_param: 9.156662432997452
infection_fatality.multiplier: 1.
mobility.microdistancing.behaviour.parameters.c: 71.01053235059844
mobility.microdistancing.behaviour.parameters.upper_asymptote: 0.7619237065667693
mobility.microdistancing.behaviour_adjuster.parameters.c: 232.5968462655348
mobility.microdistancing.behaviour_adjuster.parameters.sigma: 0.45471433677456147
new_icu_admissions_dispersion_param: 5.854569036443671
notifications_dispersion_param: 97.62485749154945
sojourn.compartment_periods_calculated.active.total_period: 6.567456974422194
sojourn.compartment_periods_calculated.exposed.total_period: 5.3646905391049975
time.start: 33.94671997811179
