case_detection.end_value: 0.9545351988354828
case_detection.max_change_time: 151.5870649245977
case_detection.maximum_gradient: 0.07937097281728378
case_detection.start_value: 0.05930427179430378
clinical_stratification.props.hospital.multiplier: 0.7914999299594604
clinical_stratification.props.symptomatic.multiplier: 1.0859193670824039
contact_rate: 0.04271656446179152
elderly_mixing_reduction.relative_reduction: 0.3806965788828113
infection_deaths_dispersion_param: 7.353107451292731
infection_fatality.multiplier: 1.0196708757859079
mobility.microdistancing.behaviour.parameters.c: 69.7733410222194
mobility.microdistancing.behaviour.parameters.upper_asymptote: 0.7634215156159989
mobility.microdistancing.behaviour_adjuster.parameters.c: 232.41030008813954
mobility.microdistancing.behaviour_adjuster.parameters.sigma: 0.4493681554465543
new_icu_admissions_dispersion_param: 4.316114049596197
notifications_dispersion_param: 88.42686442864857
sojourn.compartment_periods_calculated.active.total_period: 6.833032174073041
sojourn.compartment_periods_calculated.exposed.total_period: 4.980623046161142
time.start: 34.508896502393995
