case_detection.upper_asymptote: 0.9530296941336114
case_detection.inflection_time: 149.5580055085332
case_detection.max_gradient: 0.06936837512940164
case_detection.lower_asymptote: 0.06447392354047063
clinical_stratification.props.hospital.multiplier: 0.732253884400004
clinical_stratification.props.symptomatic.multiplier: 0.9322438094222468
contact_rate: 0.04409363583927129
elderly_mixing_reduction.relative_reduction: 0.35925087143094775
infection_deaths_dispersion_param: 8.266333697457586
infection_fatality.multiplier: 1.0412358322217794
mobility.microdistancing.behaviour.parameters.inflection_time: 67.64362243309156
mobility.microdistancing.behaviour.parameters.upper_asymptote: 0.7486557916768801
mobility.microdistancing.behaviour_adjuster.parameters.inflection_time: 230.27666049511043
mobility.microdistancing.behaviour_adjuster.parameters.lower_asymptote: 0.4413311807374954
new_icu_admissions_dispersion_param: 4.060582934531244
notifications_dispersion_param: 95.42461233971278
sojourn.compartment_periods_calculated.active.total_period: 6.765516070288523
sojourn.compartment_periods_calculated.exposed.total_period: 4.815923618831112
time.start: 33.68624813669203
