case_detection.end_value: 0.8878423319198506
case_detection.max_change_time: 133.7675779930667
case_detection.maximum_gradient: 0.09209265577781214
case_detection.start_value: 0.1841788411384551
clinical_stratification.props.hospital.multiplier: 0.623122882897224
clinical_stratification.props.symptomatic.multiplier: 0.6454831906615179
contact_rate: 0.029767111873535423
infection_deaths_dispersion_param: 8.276529200862903
infection_fatality.multiplier: 0.8747443831543694
mobility.microdistancing.behaviour.parameters.c: 90.74809490603329
mobility.microdistancing.behaviour.parameters.upper_asymptote: 0.6995526678866977
mobility.microdistancing.behaviour_adjuster.parameters.c: 139.99702233667688
mobility.microdistancing.behaviour_adjuster.parameters.sigma: 0.5004327803854647
new_icu_admissions_dispersion_param: 4.756409739721393
notifications_dispersion_param: 119.30209567182109
sojourn.compartment_periods.hospital_late: 17.44471258598773
sojourn.compartment_periods.icu_late: 9.830100607581311
sojourn.compartment_periods_calculated.active.total_period: 6.843000860387691
sojourn.compartment_periods_calculated.exposed.total_period: 4.027058661321723
time.start: 30.70103816008928
