age_stratification.cfr.multiplier: 0.0106038001232211
contact_rate: 0.021406333696798385
