contact_rate: 0.2345962736042974
infectious_seed: 5.291901083194286

testing_to_detection.assumed_cdr_parameter: 0.0007115397997933707
mobility.microdistancing.behaviour.parameters.max_effect: 0.3368765191538499
