clinical_stratification.icu_prop: 0.13497126615689356
clinical_stratification.non_sympt_infect_multiplier: 0.35476197691389694
clinical_stratification.props.hospital.multiplier: 1.1584616778840098
clinical_stratification.props.symptomatic.multiplier: 1.2343142325615566
contact_rate: 0.03479149995003826
infectious_seed: 140.95700311261055
mobility.microdistancing.behaviour.parameters.upper_asymptote: 0.237404087593852
notifications_dispersion_param: 131.23976414710833
sojourn.compartment_periods_calculated.active.total_period: 6.390138884635297
sojourn.compartment_periods_calculated.exposed.total_period: 5.3743981797576925
testing_to_detection.assumed_cdr_parameter: 0.05889199736110076
vaccination.overall_efficacy: 0.21954283687313425
vaccination.vacc_prop_prevent_infection: 0.6384560037515706
voc_emergence.contact_rate_multiplier: 2.0683988374328566
voc_emergence.start_time: 469.5874057463617
