clinical_stratification.icu_prop: 0.13300773165913926
clinical_stratification.non_sympt_infect_multiplier: 0.32081362001805835
clinical_stratification.props.hospital.multiplier: 0.9668880437352565
clinical_stratification.props.symptomatic.multiplier: 1.2209238168160959
contact_rate: 0.03646246979903632
infectious_seed: 184.6952017800033
mobility.microdistancing.behaviour.parameters.upper_asymptote: 0.2598416588973952
notifications_dispersion_param: 137.00345075546815
sojourn.compartment_periods_calculated.active.total_period: 5.961874831802095
sojourn.compartment_periods_calculated.exposed.total_period: 6.086632607452129
testing_to_detection.assumed_cdr_parameter: 0.05198705867575104
vaccination.overall_efficacy: 0.6370769745695917
vaccination.vacc_prop_prevent_infection: 0.6974436805206166
voc_emergence.contact_rate_multiplier: 1.4350915459698117
voc_emergence.start_time: 427.73384621497377