clinical_stratification.icu_prop: 0.17855052247577125
clinical_stratification.non_sympt_infect_multiplier: 0.3091758550688136
clinical_stratification.props.hospital.multiplier: 0.8257569531328356
clinical_stratification.props.symptomatic.multiplier: 0.9085686258410809
contact_rate: 0.036301524023796515
infectious_seed: 144.03598784998758
mobility.microdistancing.behaviour.parameters.upper_asymptote: 0.3911363786834859
notifications_dispersion_param: 133.8218880683297
sojourn.compartment_periods_calculated.active.total_period: 7.860930058050025
sojourn.compartment_periods_calculated.exposed.total_period: 5.995220922632188
testing_to_detection.assumed_cdr_parameter: 0.051119365777535716
vaccination.overall_efficacy: 0.11432086826499177
vaccination.vacc_prop_prevent_infection: 0.7515345043461449
voc_emergence.start_time: 398.4319232478685
