clinical_stratification.icu_prop: 0.12472896450940582
clinical_stratification.non_sympt_infect_multiplier: 0.3362363958155469
clinical_stratification.props.hospital.multiplier: 0.9904256273495726
clinical_stratification.props.symptomatic.multiplier: 1.059233830110097
contact_rate: 0.03434570142409227
infectious_seed: 192.5649397245812
mobility.microdistancing.behaviour.parameters.upper_asymptote: 0.3838070984623298
notifications_dispersion_param: 131.10305001915924
sojourn.compartment_periods_calculated.active.total_period: 6.85850843150846
sojourn.compartment_periods_calculated.exposed.total_period: 7.113652567226189
testing_to_detection.assumed_cdr_parameter: 0.09242104953774383
vaccination.overall_efficacy: 0.5524432391884643
vaccination.vacc_prop_prevent_infection: 0.7539526594124809
voc_emergence.contact_rate_multiplier: 2.0577885730897587
voc_emergence.start_time: 398.35880694910895
