contact_rate: 0.0005718899054421474
testing_to_detection.assumed_cdr_parameter: 0.009698559843108991
infection_fatality.multiplier: 0.34671002759583136
clinical_stratification.props.hospital.multiplier: 0.3805628812692302
voc_emergence.delta.contact_rate_multiplier: 0.1
