contact_rate: 0.0006321187410393801
testing_to_detection.assumed_cdr_parameter: 0.013374147863260778
infectious_seed: 3.459615383987253
clinical_stratification.props.hospital.multiplier: 0.2247254325802973
voc_emergence.alpha_beta.start_time: 15.21070798652363
voc_emergence.delta.start_time: 15. # just a guess for now
infection_fatality.multiplier: 0.3025557234570291
