contact_rate: 0.05999075697987609
sojourns.latent.total_time: 5.052664465378573
testing_to_detection.assumed_cdr_parameter: 0.009