contact_rate: 0.1527774437004
sojourns.latent.total_time: 4.80876505484264
testing_to_detection.assumed_cdr_parameter: 0.00375304839888825
