contact_rate: 0.25
detect_prop: 0.1127124229593108
infectious_seed: 242.74099989273813
sojourns.latent.total_time: 1.881279162078474