contact_rate: 0.04999075697987609
sojourns.latent.total_time: 5.052664465378573
voc_emergence.omicron.new_voc_seed.start_time: 676.2240583612435
testing_to_detection.assumed_cdr_parameter: 0.009