contact_rate: 0.10286527774437004
sojourns.latent.total_time: 19.80876505484264
testing_to_detection.assumed_cdr_parameter: 0.049775304839888825