contact_rate: 0.2
infectious_seed: 242.74099989273813
sojourns.latent.total_time: 1.881279162078474