contact_rate: 0.3620579641400694
infectious_seed: 248.9546167925225
sojourns.active.total_time: 2.628262282237063
sojourns.latent.total_time: 2.3947561205433545