contact_rate: 0.2727774437004
sojourns.latent.total_time: 2.80876505484264
testing_to_detection.assumed_cdr_parameter: 0.00175304839888825
