contact_rate: 0.21859150296233368
infectious_seed: 244.35768386614274
sojourns.latent.total_time: 1.1470511676306105
