contact_rate: 0.1026527774437004
sojourns.latent.total_time: 4.80876505484264
testing_to_detection.assumed_cdr_parameter: 0.01775304839888825
