contact_rate: 0.26197171923941753
sojourns.latent.total_time: 2.412532793339311
testing_to_detection.assumed_cdr_parameter: 0.0013432360747363853