clinical_stratification.non_sympt_infect_multiplier: 0.4209570795908867
clinical_stratification.props.hospital.multiplier: 2.148031646300967
clinical_stratification.props.symptomatic.multiplier: 1.163314807014543
contact_rate: 0.02736950823626093
infection_fatality.multiplier: 3.5472059050043705
infectious_seed: 37.77536089754944
seasonal_force: 0.19999789429700532
sojourn.compartment_periods.icu_early: 13.60732679898341
sojourn.compartment_periods_calculated.active.total_period: 6.9184699845605975
sojourn.compartment_periods_calculated.exposed.total_period: 7.885890662714995
testing_to_detection.assumed_cdr_parameter: 0.2588857667792035
victorian_clusters.contact_rate_multiplier_barwon_south_west: 1.285261275054871
victorian_clusters.contact_rate_multiplier_north_metro: 1.6510732242159707
victorian_clusters.contact_rate_multiplier_regional: 0.8457044343335324
victorian_clusters.contact_rate_multiplier_south_east_metro: 1.4359404796052777
victorian_clusters.contact_rate_multiplier_south_metro: 1.4222648142860366
victorian_clusters.contact_rate_multiplier_west_metro: 1.7276896216681263
victorian_clusters.intercluster_mixing: 0.010833847089714847
victorian_clusters.metro.mobility.microdistancing.behaviour_adjuster.parameters.effect: 0.3919264063857356
victorian_clusters.metro.mobility.microdistancing.face_coverings_adjuster.parameters.effect: 0.3073134503148151
