clinical_stratification.non_sympt_infect_multiplier: 0.3122252945081859
clinical_stratification.props.hospital.multiplier: 1.7493875853404681
clinical_stratification.props.symptomatic.multiplier: 0.9490193920173267
contact_rate: 0.0407501331246342
infection_fatality.multiplier: 3.261318446452504
infectious_seed: 55.61257751613315
seasonal_force: 0.4789862147273324
sojourn.compartment_periods.icu_early: 7.707193754404669
sojourn.compartment_periods_calculated.active.total_period: 5.427098591474918
sojourn.compartment_periods_calculated.exposed.total_period: 5.373558090874636
target_output_ratio: 0.38419896450939284
testing_to_detection.assumed_cdr_parameter: 0.25230837909870907
victorian_clusters.contact_rate_multiplier_barwon_south_west: 0.8474551468532036
victorian_clusters.contact_rate_multiplier_north_metro: 0.9623761471078618
victorian_clusters.contact_rate_multiplier_regional: 0.640589943672556
victorian_clusters.contact_rate_multiplier_south_east_metro: 0.9813443474207021
victorian_clusters.contact_rate_multiplier_south_metro: 0.7615572903601223
victorian_clusters.contact_rate_multiplier_west_metro: 1.3522101138211726
victorian_clusters.intercluster_mixing: 0.01421219222800105
victorian_clusters.metro.mobility.microdistancing.behaviour_adjuster.parameters.effect: 0.17896276186815183
victorian_clusters.metro.mobility.microdistancing.face_coverings_adjuster.parameters.effect: 0.4136950958785274
