clinical_stratification.props.hospital.multiplier: 2.6850461066189615
clinical_stratification.props.symptomatic.multiplier: 0.7690322176607645
contact_rate: 0.015426248342076058
hospital_admissions_metro_dispersion_param: 3.973514855658198
icu_admissions_metro_dispersion_param: 1.18193878360105
infection_deaths_metro_dispersion_param: 1.5652256810113476
infection_fatality.multiplier: 1.445482060386196
notifications_metro_dispersion_param: 33.49057720262853
notifications_rural_dispersion_param: 2.132651540871886
seasonal_force: 0.013343704530997424
sojourn.compartment_periods.icu_early: 18.261505733794174
sojourn.compartment_periods.icu_late: 16.31387505084377
sojourn.compartment_periods_calculated.active.total_period: 6.328319293607858
sojourn.compartment_periods_calculated.exposed.total_period: 5.997687521444195
testing_to_detection.assumed_cdr_parameter: 0.2793856419210754
victorian_clusters.contact_rate_multiplier_barwon_south_west: 2.7493770186095525
victorian_clusters.contact_rate_multiplier_gippsland: 0.6233372078901749
victorian_clusters.contact_rate_multiplier_grampians: 0.37934441047339396
victorian_clusters.contact_rate_multiplier_hume: 0.3844157593151488
victorian_clusters.contact_rate_multiplier_loddon_mallee: 2.6080540305576165
victorian_clusters.contact_rate_multiplier_north_metro: 2.6880673794596874
victorian_clusters.contact_rate_multiplier_south_east_metro: 0.3527475362961769
victorian_clusters.contact_rate_multiplier_south_metro: 2.8135146285960366
victorian_clusters.contact_rate_multiplier_west_metro: 2.306269620397403
victorian_clusters.intercluster_mixing: 0.029055902795955393
victorian_clusters.metro.mobility.microdistancing.behaviour.upper_asymptote: 0.2636089377910659
victorian_clusters.metro.mobility.microdistancing.face_coverings.upper_asymptote: 0.21041110287039336
victorian_clusters.regional.contact_rate_multiplier: 0.7219149632998866
