clinical_stratification.non_sympt_infect_multiplier: 0.32947785946662766
clinical_stratification.props.hospital.multiplier: 2.7606939544619205
clinical_stratification.props.symptomatic.multiplier: 1.175809406668718
contact_rate: 0.04413011216759556
infection_fatality.multiplier: 3.730804393300772
infectious_seed: 31.128550699754534
seasonal_force: 0.4869689979771799
sojourn.compartment_periods.icu_early: 12.701031639138725
sojourn.compartment_periods_calculated.active.total_period: 6.786385357976722
sojourn.compartment_periods_calculated.exposed.total_period: 7.789634751287136
target_output_ratio: 0.3505997564150226
testing_to_detection.assumed_cdr_parameter: 0.34088837910281894
victorian_clusters.contact_rate_multiplier_barwon_south_west: 0.9375696230940604
victorian_clusters.contact_rate_multiplier_north_metro: 1.0013269003145346
victorian_clusters.contact_rate_multiplier_regional: 0.644544310079745
victorian_clusters.contact_rate_multiplier_south_east_metro: 0.875435245690701
victorian_clusters.contact_rate_multiplier_south_metro: 0.928096392419496
victorian_clusters.contact_rate_multiplier_west_metro: 1.0709860807026033
victorian_clusters.intercluster_mixing: 0.007591383926343563
victorian_clusters.metro.mobility.microdistancing.behaviour_adjuster.parameters.effect: 0.17853739257196558
victorian_clusters.metro.mobility.microdistancing.face_coverings_adjuster.parameters.effect: 0.32066119535983606
