clinical_stratification.non_sympt_infect_multiplier: 0.49000251334228706
clinical_stratification.props.hospital.multiplier: 2.4205928961322734
clinical_stratification.props.symptomatic.multiplier: 1.1632964359300941
contact_rate: 0.028882509412583114
infection_fatality.multiplier: 3.4839878797502126
infectious_seed: 33.45273820913385
notifications_metro_dispersion_param: 82.79625225076595
notifications_rural_dispersion_param: 6.436541808458171
seasonal_force: 0.18544976702035615
sojourn.compartment_periods.icu_early: 7.594892294195062
sojourn.compartment_periods_calculated.active.total_period: 6.5313865637525765
sojourn.compartment_periods_calculated.exposed.total_period: 7.813489689971207
testing_to_detection.assumed_cdr_parameter: 0.28260889871106765
victorian_clusters.contact_rate_multiplier_barwon_south_west: 1.2421043740461037
victorian_clusters.contact_rate_multiplier_gippsland: 0.8815953260379749
victorian_clusters.contact_rate_multiplier_grampians: 0.8103547228191293
victorian_clusters.contact_rate_multiplier_hume: 0.7976043866369996
victorian_clusters.contact_rate_multiplier_loddon_mallee: 0.9893318368829971
victorian_clusters.contact_rate_multiplier_north_metro: 1.4917379953722074
victorian_clusters.contact_rate_multiplier_south_east_metro: 1.3718439013345567
victorian_clusters.contact_rate_multiplier_south_metro: 1.5405263383257823
victorian_clusters.contact_rate_multiplier_west_metro: 1.5774770236375737
victorian_clusters.intercluster_mixing: 0.011433789637634702
victorian_clusters.metro.mobility.microdistancing.behaviour_adjuster.parameters.effect: 0.3800431653732126
victorian_clusters.metro.mobility.microdistancing.face_coverings_adjuster.parameters.effect: 0.3250921633897997
