clinical_stratification.non_sympt_infect_multiplier: 0.3704424538388808
clinical_stratification.props.hospital.multiplier: 1.9543024029228913
clinical_stratification.props.symptomatic.multiplier: 0.7992192469573969
contact_rate: 0.04421641488182969
infection_fatality.multiplier: 3.5776363147855874
infectious_seed: 42.576320679492895
seasonal_force: 0.475908688401534
sojourn.compartment_periods.icu_early: 8.258010187540023
sojourn.compartment_periods_calculated.active.total_period: 5.31669237768208
sojourn.compartment_periods_calculated.exposed.total_period: 3.6425407031254844
target_output_ratio: 0.335166924037841
testing_to_detection.assumed_cdr_parameter: 0.3135952233739447
victorian_clusters.contact_rate_multiplier_barwon_south_west: 0.6833597231285015
victorian_clusters.contact_rate_multiplier_north_metro: 0.9688288557828089
victorian_clusters.contact_rate_multiplier_regional: 0.651650524986081
victorian_clusters.contact_rate_multiplier_south_east_metro: 0.6827347986777845
victorian_clusters.contact_rate_multiplier_south_metro: 0.8541454262976409
victorian_clusters.contact_rate_multiplier_west_metro: 1.0768944345851303
victorian_clusters.intercluster_mixing: 0.011587878784507018
victorian_clusters.metro.mobility.microdistancing.behaviour_adjuster.parameters.effect: 0.22038281015850972
victorian_clusters.metro.mobility.microdistancing.face_coverings_adjuster.parameters.effect: 0.3826926098312189
