clinical_stratification.props.hospital.multiplier: 1.746262573998713
clinical_stratification.props.symptomatic.multiplier: 0.7168275591596249
contact_rate: 0.027225183648499837
infection_fatality.multiplier: 2.2254296253372994
infectious_seed: 28.365339433671874
notifications_dispersion_param: 54.77957820636173
notifications_metro_dispersion_param: 406.80476827781564
notifications_rural_dispersion_param: 36.57229634265288
seasonal_force: 0.14254769995825126
sojourn.compartment_periods.icu_early: 10.643438996204257
sojourn.compartment_periods.icu_late: 8.345516493699417
sojourn.compartment_periods_calculated.active.total_period: 6.7242263484394815
sojourn.compartment_periods_calculated.exposed.total_period: 5.953678519647989
testing_to_detection.assumed_cdr_parameter: 0.2982848437432791
victorian_clusters.contact_rate_multiplier_barwon_south_west: 1.348321718322335
victorian_clusters.contact_rate_multiplier_gippsland: 0.7775250738911585
victorian_clusters.contact_rate_multiplier_grampians: 1.171691764142903
victorian_clusters.contact_rate_multiplier_hume: 1.0019364351159572
victorian_clusters.contact_rate_multiplier_loddon_mallee: 1.2370937029014333
victorian_clusters.contact_rate_multiplier_north_metro: 1.0716468406546515
victorian_clusters.contact_rate_multiplier_south_east_metro: 1.019196385374889
victorian_clusters.contact_rate_multiplier_south_metro: 1.0075357121231452
victorian_clusters.contact_rate_multiplier_west_metro: 1.1635232751368636
victorian_clusters.intercluster_mixing: 0.010096098420702302
victorian_clusters.metro.mobility.microdistancing.behaviour.parameters.upper_asymptote: 0.2909558535844312
victorian_clusters.metro.mobility.microdistancing.face_coverings.parameters.upper_asymptote: 0.23178347924267523
