clinical_stratification.non_sympt_infect_multiplier: 0.48869892314668956
clinical_stratification.props.hospital.multiplier: 2.4210400029959
clinical_stratification.props.symptomatic.multiplier: 1.1578369038737615
contact_rate: 0.029094750071300413
infection_fatality.multiplier: 3.4864086987005267
infectious_seed: 33.33623367362287
notifications_metro_dispersion_param: 79.59122925655032
notifications_rural_dispersion_param: 6.611408507918763
seasonal_force: 0.18535693445069518
sojourn.compartment_periods.icu_early: 7.7417230999448
sojourn.compartment_periods_calculated.active.total_period: 6.467144295862925
sojourn.compartment_periods_calculated.exposed.total_period: 7.654743759980251
testing_to_detection.assumed_cdr_parameter: 0.28350241309782864
victorian_clusters.contact_rate_multiplier_barwon_south_west: 1.229708752391742
victorian_clusters.contact_rate_multiplier_gippsland: 0.8849069672740253
victorian_clusters.contact_rate_multiplier_grampians: 0.808194027681621
victorian_clusters.contact_rate_multiplier_hume: 0.810066085268973
victorian_clusters.contact_rate_multiplier_loddon_mallee: 1.0005734169826197
victorian_clusters.contact_rate_multiplier_north_metro: 1.4895646491747974
victorian_clusters.contact_rate_multiplier_south_east_metro: 1.4024478963988471
victorian_clusters.contact_rate_multiplier_south_metro: 1.5018443859489534
victorian_clusters.contact_rate_multiplier_west_metro: 1.5598644951160783
victorian_clusters.intercluster_mixing: 0.011420086172276678
victorian_clusters.metro.mobility.microdistancing.behaviour_adjuster.parameters.effect: 0.3798614977566232
victorian_clusters.metro.mobility.microdistancing.face_coverings_adjuster.parameters.effect: 0.3265873004611785
