clinical_stratification.props.hospital.multiplier: 1.8315250109844046
clinical_stratification.props.symptomatic.multiplier: 0.9475282708748799
contact_rate: 0.024034827289652186
infection_fatality.multiplier: 2.2960459824729704
infectious_seed: 30.06599229958493
notifications_dispersion_param: 56.92277528589231
notifications_metro_dispersion_param: 199.45650460159135
notifications_rural_dispersion_param: 15.892100369036484
seasonal_force: 0.13073959886182396
sojourn.compartment_periods.icu_early: 10.557134556311595
sojourn.compartment_periods.icu_late: 10.533770429597208
sojourn.compartment_periods_calculated.active.total_period: 7.031752728258237
sojourn.compartment_periods_calculated.exposed.total_period: 5.748796467817578
testing_to_detection.assumed_cdr_parameter: 0.2864937112461826
victorian_clusters.contact_rate_multiplier_barwon_south_west: 1.2837827147830783
victorian_clusters.contact_rate_multiplier_gippsland: 0.8023846980926148
victorian_clusters.contact_rate_multiplier_grampians: 0.9447363813818407
victorian_clusters.contact_rate_multiplier_hume: 0.8545618787910931
victorian_clusters.contact_rate_multiplier_loddon_mallee: 1.2837278342366312
victorian_clusters.contact_rate_multiplier_north_metro: 1.22032841073344
victorian_clusters.contact_rate_multiplier_south_east_metro: 1.0716596738828659
victorian_clusters.contact_rate_multiplier_south_metro: 1.0105616601991176
victorian_clusters.contact_rate_multiplier_west_metro: 1.3124313730247388
victorian_clusters.intercluster_mixing: 0.01008765834002686
victorian_clusters.metro.mobility.microdistancing.behaviour.parameters.upper_asymptote: 0.31126406140786644
victorian_clusters.metro.mobility.microdistancing.face_coverings.parameters.upper_asymptote: 0.224336887171429
