accum_deaths_metro_dispersion_param: 62.742939531491515
clinical_stratification.props.hospital.multiplier: 1.929192254163735
clinical_stratification.props.symptomatic.multiplier: 0.877123813825785
contact_rate: 0.02645329986183729
hospital_admissions_metro_dispersion_param: 4.091610000665025
icu_admissions_metro_dispersion_param: 0.633961579358282
infection_fatality.multiplier: 1.9359197473087604
notifications_metro_dispersion_param: 27.235608782468436
notifications_rural_dispersion_param: 2.4429858363831
seasonal_force: 0.24924962225870415
sojourn.compartment_periods.icu_early: 11.551357741461612
sojourn.compartment_periods.icu_late: 11.537370881855274
sojourn.compartment_periods_calculated.active.total_period: 7.925007203630964
sojourn.compartment_periods_calculated.exposed.total_period: 5.063599050458932
testing_to_detection.assumed_cdr_parameter: 0.24307201917357868
victorian_clusters.contact_rate_multiplier_barwon_south_west: 0.9553890809732608
victorian_clusters.contact_rate_multiplier_gippsland: 0.7387436292963989
victorian_clusters.contact_rate_multiplier_grampians: 0.7892909681306315
victorian_clusters.contact_rate_multiplier_hume: 0.9917398176413073
victorian_clusters.contact_rate_multiplier_loddon_mallee: 0.5142584833109825
victorian_clusters.contact_rate_multiplier_north_metro: 1.24803515790265
victorian_clusters.contact_rate_multiplier_south_east_metro: 1.1180513054772883
victorian_clusters.contact_rate_multiplier_south_metro: 1.2936076945985342
victorian_clusters.contact_rate_multiplier_west_metro: 1.2548375743871318
victorian_clusters.intercluster_mixing: 0.010152942209471437
victorian_clusters.metro.mobility.microdistancing.behaviour.parameters.upper_asymptote: 0.2455890186760741
victorian_clusters.metro.mobility.microdistancing.face_coverings.parameters.upper_asymptote: 0.15752795804732278
