clinical_stratification.props.hospital.multiplier: 2.598942682337805
clinical_stratification.props.symptomatic.multiplier: 1.1924932436308386
contact_rate: 0.026923162881601646
infection_deaths_dispersion_param: 1.9472641871211565
infection_fatality.multiplier: 3.032132280625669
infectious_seed: 27.74618838416641
notifications_dispersion_param: 54.047247132983316
notifications_for_cluster_barwon_south_west_dispersion_param: 2.69142454895584
notifications_for_cluster_gippsland_dispersion_param: 0.47070104280797664
notifications_for_cluster_grampians_dispersion_param: 0.5112584160477606
notifications_for_cluster_hume_dispersion_param: 0.5323543068582974
notifications_for_cluster_loddon_mallee_dispersion_param: 0.7914441844706988
notifications_for_cluster_north_metro_dispersion_param: 16.202029375097293
notifications_for_cluster_south_east_metro_dispersion_param: 7.799032401702562
notifications_for_cluster_south_metro_dispersion_param: 4.5000824882449395
notifications_for_cluster_west_metro_dispersion_param: 30.41577443673808
seasonal_force: 0.18281527393295385
sojourn.compartment_periods.icu_early: 27.032414777467917
sojourn.compartment_periods.icu_late: 19.447818323720874
sojourn.compartment_periods_calculated.active.total_period: 5.722895769252763
sojourn.compartment_periods_calculated.exposed.total_period: 3.634559576513318
testing_to_detection.assumed_cdr_parameter: 0.24235166339556627
victorian_clusters.contact_rate_multiplier_barwon_south_west: 1.2180692027185456
victorian_clusters.contact_rate_multiplier_gippsland: 0.9983896542853199
victorian_clusters.contact_rate_multiplier_grampians: 1.1410612553359911
victorian_clusters.contact_rate_multiplier_hume: 1.3141669549111226
victorian_clusters.contact_rate_multiplier_loddon_mallee: 1.0771375014732447
victorian_clusters.contact_rate_multiplier_north_metro: 0.734557775594783
victorian_clusters.contact_rate_multiplier_regional: 1.1064065095347122
victorian_clusters.contact_rate_multiplier_south_east_metro: 1.0429775213235524
victorian_clusters.contact_rate_multiplier_south_metro: 1.131384898414248
victorian_clusters.contact_rate_multiplier_west_metro: 1.2240873556797147
victorian_clusters.intercluster_mixing: 0.010232256951233554
victorian_clusters.metro.mobility.microdistancing.behaviour.parameters.upper_asymptote: 0.28315856317801447
victorian_clusters.metro.mobility.microdistancing.face_coverings.parameters.upper_asymptote: 0.08268764115436043
