clinical_stratification.props.hospital.multiplier: 1.9576349240405617
clinical_stratification.props.symptomatic.multiplier: 0.9752206454133527
contact_rate: 0.02414915016296957
infection_fatality.multiplier: 2.291465431243812
infectious_seed: 31.060370619721965
notifications_metro_dispersion_param: 81.4642262734422
notifications_rural_dispersion_param: 6.926231240305691
seasonal_force: 0.1627459240732266
sojourn.compartment_periods.icu_early: 9.178931952817049
sojourn.compartment_periods.icu_late: 8.826286148878332
sojourn.compartment_periods_calculated.active.total_period: 6.907763785816924
sojourn.compartment_periods_calculated.exposed.total_period: 5.640371935558414
testing_to_detection.assumed_cdr_parameter: 0.29086661578111683
victorian_clusters.contact_rate_multiplier_barwon_south_west: 1.3038870507191551
victorian_clusters.contact_rate_multiplier_gippsland: 0.8402992675331704
victorian_clusters.contact_rate_multiplier_grampians: 1.0443444499962624
victorian_clusters.contact_rate_multiplier_hume: 1.0590955954819075
victorian_clusters.contact_rate_multiplier_loddon_mallee: 1.0965480604969704
victorian_clusters.contact_rate_multiplier_north_metro: 1.2243452730665174
victorian_clusters.contact_rate_multiplier_south_east_metro: 1.0440988018907074
victorian_clusters.contact_rate_multiplier_south_metro: 1.1124193008213568
victorian_clusters.contact_rate_multiplier_west_metro: 1.303965375074073
victorian_clusters.intercluster_mixing: 0.010904272090330236
victorian_clusters.metro.mobility.microdistancing.behaviour.parameters.upper_asymptote: 0.3222058680612718
victorian_clusters.metro.mobility.microdistancing.face_coverings.parameters.upper_asymptote: 0.2384236129393425
