clinical_stratification.non_sympt_infect_multiplier: 0.37593640023106
clinical_stratification.props.hospital.multiplier: 2.137275859788252
clinical_stratification.props.symptomatic.multiplier: 0.8483670983043804
contact_rate: 0.04580688014231975
infection_fatality.multiplier: 3.5956393613928794
infectious_seed: 44.82893123030654
seasonal_force: 0.47847286121716043
sojourn.compartment_periods.icu_early: 10.166243773096785
sojourn.compartment_periods_calculated.active.total_period: 5.374507090620469
sojourn.compartment_periods_calculated.exposed.total_period: 3.698506650577563
target_output_ratio: 0.33208650035362075
testing_to_detection.assumed_cdr_parameter: 0.3404964213563801
victorian_clusters.contact_rate_multiplier_barwon_south_west: 0.6498685468741258
victorian_clusters.contact_rate_multiplier_north_metro: 0.9081000865084228
victorian_clusters.contact_rate_multiplier_regional: 0.6522177243111236
victorian_clusters.contact_rate_multiplier_south_east_metro: 0.6931215903959808
victorian_clusters.contact_rate_multiplier_south_metro: 0.7830060011056834
victorian_clusters.contact_rate_multiplier_west_metro: 0.9925864913914968
victorian_clusters.intercluster_mixing: 0.010799520090083364
victorian_clusters.metro.mobility.microdistancing.behaviour_adjuster.parameters.effect: 0.22209840227683786
victorian_clusters.metro.mobility.microdistancing.face_coverings_adjuster.parameters.effect: 0.36686301513294384
