clinical_stratification.props.hospital.multiplier: 1.800034526770128
clinical_stratification.props.symptomatic.multiplier: 0.9845602297434033
contact_rate: 0.02688586938838885
infection_fatality.multiplier: 2.53487772300322
infectious_seed: 26.737946754919584
notifications_dispersion_param: 62.27619509924453
notifications_metro_dispersion_param: 31.529349452994115
notifications_rural_dispersion_param: 2.3196613012137677
seasonal_force: 0.13959749410101582
sojourn.compartment_periods.icu_early: 16.529386861299127
sojourn.compartment_periods.icu_late: 8.301968255193579
sojourn.compartment_periods_calculated.active.total_period: 6.603264363452398
sojourn.compartment_periods_calculated.exposed.total_period: 4.1554150240406145
testing_to_detection.assumed_cdr_parameter: 0.28884303766370445
victorian_clusters.contact_rate_multiplier_barwon_south_west: 1.4300242419322495
victorian_clusters.contact_rate_multiplier_gippsland: 0.735363683273645
victorian_clusters.contact_rate_multiplier_grampians: 1.0492868552930512
victorian_clusters.contact_rate_multiplier_hume: 1.4181630729308894
victorian_clusters.contact_rate_multiplier_loddon_mallee: 1.3396315349754109
victorian_clusters.contact_rate_multiplier_north_metro: 0.5829915211954895
victorian_clusters.contact_rate_multiplier_south_east_metro: 1.028069492310601
victorian_clusters.contact_rate_multiplier_south_metro: 1.0859819538289583
victorian_clusters.contact_rate_multiplier_west_metro: 1.2275480595773274
victorian_clusters.intercluster_mixing: 0.010081160114970036
victorian_clusters.metro.mobility.microdistancing.behaviour.parameters.upper_asymptote: 0.2928793012732668
victorian_clusters.metro.mobility.microdistancing.face_coverings.parameters.upper_asymptote: 0.21490097062784927
