clinical_stratification.non_sympt_infect_multiplier: 0.5078690127623937
clinical_stratification.props.hospital.multiplier: 2.2426463595638575
clinical_stratification.props.symptomatic.multiplier: 0.9286941244470045
contact_rate: 0.026572710919326843
infection_fatality.multiplier: 3.278679892244577
infectious_seed: 31.079828612050086
notifications_metro_dispersion_param: 77.83388885408317
notifications_rural_dispersion_param: 6.484778229448583
seasonal_force: 0.16960713795025795
sojourn.compartment_periods.icu_early: 8.039946507166277
sojourn.compartment_periods_calculated.active.total_period: 6.9947491578145025
sojourn.compartment_periods_calculated.exposed.total_period: 5.753743869316529
testing_to_detection.assumed_cdr_parameter: 0.3069909166878662
victorian_clusters.contact_rate_multiplier_barwon_south_west: 1.4371391509037479
victorian_clusters.contact_rate_multiplier_gippsland: 0.9289564052281452
victorian_clusters.contact_rate_multiplier_grampians: 0.7168121853967475
victorian_clusters.contact_rate_multiplier_hume: 1.3572368103969814
victorian_clusters.contact_rate_multiplier_loddon_mallee: 1.210342203441909
victorian_clusters.contact_rate_multiplier_north_metro: 1.3289458211501866
victorian_clusters.contact_rate_multiplier_south_east_metro: 1.2315504203786114
victorian_clusters.contact_rate_multiplier_south_metro: 1.1690866232115562
victorian_clusters.contact_rate_multiplier_west_metro: 1.3863925055502724
victorian_clusters.intercluster_mixing: 0.01188078677428154
victorian_clusters.metro.mobility.microdistancing.behaviour.parameters.upper_asymptote: 0.30975984911397336
victorian_clusters.metro.mobility.microdistancing.face_coverings.parameters.upper_asymptote: 0.2714567593747278
