clinical_stratification.props.hospital.multiplier: 1.793237396623863
clinical_stratification.props.symptomatic.multiplier: 0.8654365659091461
contact_rate: 0.028641617500056615
infection_fatality.multiplier: 2.530478819572016
infectious_seed: 26.00300139409292
notifications_dispersion_param: 50.36953725007274
notifications_metro_dispersion_param: 26.035857623918638
notifications_rural_dispersion_param: 2.1207928186565344
seasonal_force: 0.13896871635483102
sojourn.compartment_periods.icu_early: 15.44140502669779
sojourn.compartment_periods.icu_late: 8.77538604891862
sojourn.compartment_periods_calculated.active.total_period: 6.353273512903467
sojourn.compartment_periods_calculated.exposed.total_period: 4.773341366313867
testing_to_detection.assumed_cdr_parameter: 0.28678930351829623
victorian_clusters.contact_rate_multiplier_barwon_south_west: 1.3200814897768893
victorian_clusters.contact_rate_multiplier_gippsland: 0.7597932126940843
victorian_clusters.contact_rate_multiplier_grampians: 1.0386902010273207
victorian_clusters.contact_rate_multiplier_hume: 1.4233737586588142
victorian_clusters.contact_rate_multiplier_loddon_mallee: 1.3386070113073916
victorian_clusters.contact_rate_multiplier_north_metro: 0.6278715382741372
victorian_clusters.contact_rate_multiplier_south_east_metro: 1.0055378675828905
victorian_clusters.contact_rate_multiplier_south_metro: 0.9836232579757258
victorian_clusters.contact_rate_multiplier_west_metro: 1.1458603372435279
victorian_clusters.intercluster_mixing: 0.010068993445132575
victorian_clusters.metro.mobility.microdistancing.behaviour.parameters.upper_asymptote: 0.28103495007728085
victorian_clusters.metro.mobility.microdistancing.face_coverings.parameters.upper_asymptote: 0.21357462244915856
