clinical_stratification.props.hospital.multiplier: 2.0338299130963415
clinical_stratification.props.symptomatic.multiplier: 0.844418925489229
contact_rate: 0.02421897015764761
infection_fatality.multiplier: 2.29765237744276
infectious_seed: 30.80751623368626
notifications_metro_dispersion_param: 80.3356733223871
notifications_rural_dispersion_param: 6.864966925935619
seasonal_force: 0.17231362715564313
sojourn.compartment_periods.icu_early: 9.82882163033196
sojourn.compartment_periods.icu_late: 9.18274913618602
sojourn.compartment_periods_calculated.active.total_period: 7.378026488532696
sojourn.compartment_periods_calculated.exposed.total_period: 5.502327574310865
testing_to_detection.assumed_cdr_parameter: 0.28741268772417666
victorian_clusters.contact_rate_multiplier_barwon_south_west: 1.293664223572714
victorian_clusters.contact_rate_multiplier_gippsland: 0.8630383027500408
victorian_clusters.contact_rate_multiplier_grampians: 1.0056880813041096
victorian_clusters.contact_rate_multiplier_hume: 1.270918459721483
victorian_clusters.contact_rate_multiplier_loddon_mallee: 1.0533184063409622
victorian_clusters.contact_rate_multiplier_north_metro: 1.2426492425647604
victorian_clusters.contact_rate_multiplier_south_east_metro: 1.0943121531233206
victorian_clusters.contact_rate_multiplier_south_metro: 1.1025660145993654
victorian_clusters.contact_rate_multiplier_west_metro: 1.239516575300569
victorian_clusters.intercluster_mixing: 0.010822777137802685
victorian_clusters.metro.mobility.microdistancing.behaviour.parameters.upper_asymptote: 0.3230509789938054
victorian_clusters.metro.mobility.microdistancing.face_coverings.parameters.upper_asymptote: 0.2300398908105679
