age_stratification.cfr.multiplier: 0.106038001232211
contact_rate: 0.041406333696798385
