age_stratification.cfr.multiplier: 1.106038001232211
contact_rate: 0.061406333696798385
