clinical_stratification.icu_prop: 0.16676624626079165
clinical_stratification.non_sympt_infect_multiplier: 0.35772874931845133
clinical_stratification.props.hospital.multiplier: 0.8567784491468289
clinical_stratification.props.symptomatic.multiplier: 1.1886539906195646
contact_rate: 0.024283780001784768
infection_deaths_dispersion_param: 0.5906292560074713
infectious_seed: 43.516074277454265
mobility.microdistancing.behaviour.parameters.upper_asymptote: 0.31006203670314675
notifications_dispersion_param: 49.09529943408352
sojourn.compartment_periods_calculated.active.total_period: 7.052613180344501
sojourn.compartment_periods_calculated.exposed.total_period: 7.249943779274287
testing_to_detection.assumed_cdr_parameter: 0.053294165872353874
vaccination.coverage_override: 0.7236920954475952
vaccination.overall_efficacy: 0.4306702941959619
vaccination.vacc_prop_prevent_infection: 0.5518192027570121
voc_emergence.contact_rate_multiplier: 1.3242471969842613
voc_emergence.start_time: 386.2190349240682
