clinical_stratification.icu_prop: 0.13304298767082345
clinical_stratification.non_sympt_infect_multiplier: 0.29932741190140066
clinical_stratification.props.symptomatic.multiplier: 0.965578142819892
contact_rate: 0.04367542947271645
infection_fatality.multiplier: 0.5079217615621432
infectious_seed: 87.69729594225632
mobility.microdistancing.behaviour.parameters.upper_asymptote: 0.44963025194547857
notifications_dispersion_param: 51.80215328177062
sojourn.compartment_periods_calculated.active.total_period: 6.876834820579579
sojourn.compartment_periods_calculated.exposed.total_period: 6.42718359025718
testing_to_detection.assumed_cdr_parameter: 0.019088818501193854
vaccination.coverage_override: 0.745361466803144
vaccination.overall_efficacy: 0.03189601849936641
vaccination.vacc_prop_prevent_infection: 0.7025634394165815
voc_emergence.alpha_beta.contact_rate_multiplier: 1.4637718704006342
voc_emergence.alpha_beta.start_time: 382.4684393226958