clinical_stratification.icu_prop: 0.16275159473179485
clinical_stratification.non_sympt_infect_multiplier: 0.6964579944643993
clinical_stratification.props.symptomatic.multiplier: 1.8286428406747257
contact_rate: 0.03613026178625618
infection_fatality.multiplier: 1.1145982303782422
infectious_seed: 194.03771192373364
mobility.microdistancing.behaviour.parameters.upper_asymptote: 0.41252078781799095
notifications_dispersion_param: 51.190791224465904
sojourn.compartment_periods_calculated.active.total_period: 6.15485573758438
sojourn.compartment_periods_calculated.exposed.total_period: 6.399818943795704
testing_to_detection.assumed_cdr_parameter: 0.07279956365186464
vaccination.coverage_override: 0.0904468520782078
vaccination.overall_efficacy: 0.737599250450228
vaccination.vacc_prop_prevent_infection: 0.8095361101742159
voc_emergence.alpha_beta.contact_rate_multiplier: 1.476009615748372
voc_emergence.alpha_beta.start_time: 380.01834124054335