clinical_stratification.icu_prop: 0.19176818001377705
clinical_stratification.non_sympt_infect_multiplier: 0.25847136569126355
clinical_stratification.props.symptomatic.multiplier: 1.4452594872517155
contact_rate: 0.0350839619621576
infection_fatality.multiplier: 2.1396027753185303
infectious_seed: 194.93832899188598
mobility.microdistancing.behaviour.parameters.upper_asymptote: 0.3471985528573148
notifications_dispersion_param: 50.78677528223077
sojourn.compartment_periods_calculated.active.total_period: 5.679752368999167
sojourn.compartment_periods_calculated.exposed.total_period: 5.447090899110176
testing_to_detection.assumed_cdr_parameter: 0.07946523297766989
vaccination.vacc_prop_prevent_infection: 0.7038948140973741
voc_emergence.alpha_beta.contact_rate_multiplier: 1.4332110937053297
voc_emergence.alpha_beta.start_time: 407.1207373544078