clinical_stratification.icu_prop: 0.1698218819366944
clinical_stratification.non_sympt_infect_multiplier: 0.3889427262684111
clinical_stratification.props.symptomatic.multiplier: 1.5745477457793622
contact_rate: 0.04335708851232917
infection_fatality.multiplier: 1.0184301863094334
infectious_seed: 182.68081561610967
mobility.microdistancing.behaviour.parameters.upper_asymptote: 0.5594664249846589
notifications_dispersion_param: 52.01742183127016
sojourn.compartment_periods_calculated.active.total_period: 5.356600453987931
sojourn.compartment_periods_calculated.exposed.total_period: 5.963601909429434
testing_to_detection.assumed_cdr_parameter: 0.061604588014817885
vaccination.coverage_override: 0.6969294310336596
vaccination.overall_efficacy: 0.5610650925223606
vaccination.vacc_prop_prevent_infection: 0.798643543210813
voc_emergence.alpha_beta.contact_rate_multiplier: 1.6417083496641969
voc_emergence.alpha_beta.start_time: 381.96518326830625