clinical_stratification.icu_prop: 0.2463720590332925
clinical_stratification.non_sympt_infect_multiplier: 0.5235746646274542
clinical_stratification.props.symptomatic.multiplier: 1.9406280019835682
contact_rate: 0.03721601414712026
infection_fatality.multiplier: 1.2459225389523718
infectious_seed: 143.58908072057488
mobility.microdistancing.behaviour.parameters.upper_asymptote: 0.46943608887424504
notifications_dispersion_param: 51.610744332709636
sojourn.compartment_periods_calculated.active.total_period: 6.113171732621149
sojourn.compartment_periods_calculated.exposed.total_period: 7.280066199126834
testing_to_detection.assumed_cdr_parameter: 0.16284473982232456
vaccination.coverage_override: 0.8168956958057674
vaccination.overall_efficacy: 0.9827455328922079
vaccination.vacc_prop_prevent_infection: 0.6632622886112075
voc_emergence.alpha_beta.contact_rate_multiplier: 1.5215365228732278
voc_emergence.alpha_beta.start_time: 381.7746770261036