clinical_stratification.icu_prop: 0.22786491455026103
clinical_stratification.non_sympt_infect_multiplier: 0.3152326198117013
clinical_stratification.props.hospital.multiplier: 0.9841237696466705
clinical_stratification.props.symptomatic.multiplier: 1.2924244728384529
contact_rate: 0.029437379489125594
infection_deaths_dispersion_param: 0.6220377223135886
infectious_seed: 122.33727088564224
mobility.microdistancing.behaviour.parameters.upper_asymptote: 0.16548093454073426
notifications_dispersion_param: 50.35686216817305
sojourn.compartment_periods_calculated.active.total_period: 8.141253859655539
sojourn.compartment_periods_calculated.exposed.total_period: 4.675818755668189
testing_to_detection.assumed_cdr_parameter: 0.05346001004195708
vaccination.vacc_prop_prevent_infection: 0.5612848675272645
voc_emergence.alpha_beta.contact_rate_multiplier: 1.1059788542235058
voc_emergence.alpha_beta.start_time: 399.48124124070114