clinical_stratification.icu_prop: 0.21061488355313646
clinical_stratification.non_sympt_infect_multiplier: 0.5818019217152337
clinical_stratification.props.symptomatic.multiplier: 1.804014361633035
contact_rate: 0.037916829409741455
infection_deaths_dispersion_param: 2.190405620452937
infection_fatality.multiplier: 1.0500984402616818
infectious_seed: 173.51379499333245
mobility.microdistancing.behaviour.parameters.upper_asymptote: 0.31835490264913874
notifications_dispersion_param: 51.50792905559482
sojourn.compartment_periods_calculated.active.total_period: 6.1365926909872925
sojourn.compartment_periods_calculated.exposed.total_period: 6.106549637284186
testing_to_detection.assumed_cdr_parameter: 0.10571509603442676
vaccination.coverage_override: 0.006769487464975965
vaccination.overall_efficacy: 0.722559246380683
vaccination.vacc_prop_prevent_infection: 0.6459531780555599
voc_emergence.alpha_beta.contact_rate_multiplier: 1.363358716905231
voc_emergence.alpha_beta.start_time: 380.89815908222397