clinical_stratification.icu_prop: 0.23359633260772789
clinical_stratification.non_sympt_infect_multiplier: 0.33162722663891464
clinical_stratification.props.symptomatic.multiplier: 1.285752573767226
contact_rate: 0.026781733701544415
infectious_seed: 198.35578853313297
mobility.microdistancing.behaviour.parameters.upper_asymptote: 0.24938514796983383
notifications_dispersion_param: 51.18260883319484
sojourn.compartment_periods_calculated.active.total_period: 7.7233332972610915
sojourn.compartment_periods_calculated.exposed.total_period: 6.697635026068728
testing_to_detection.assumed_cdr_parameter: 0.033408664020125
vaccination.vacc_prop_prevent_infection: 0.7338597478702042
voc_emergence.alpha_beta.contact_rate_multiplier: 1.4879498337575285
voc_emergence.alpha_beta.start_time: 397.2092694554406