clinical_stratification.icu_prop: 0.23564553531366864
clinical_stratification.non_sympt_infect_multiplier: 0.38400886233036124
clinical_stratification.props.symptomatic.multiplier: 1.9760980406771345
contact_rate: 0.03948766954574877
infection_deaths_dispersion_param: 2.460327322713746
infection_fatality.multiplier: 1.3918012992396516
infectious_seed: 65.44049042764007
mobility.microdistancing.behaviour.parameters.upper_asymptote: 0.38491209868026566
notifications_dispersion_param: 49.84728909455629
sojourn.compartment_periods_calculated.active.total_period: 6.755348637925052
sojourn.compartment_periods_calculated.exposed.total_period: 7.362355273776025
testing_to_detection.assumed_cdr_parameter: 0.03862009375039668
vaccination.coverage_override: 0.2735747955118789
vaccination.overall_efficacy: 0.9670421625422578
vaccination.vacc_prop_prevent_infection: 0.6552937760702494
voc_emergence.alpha_beta.contact_rate_multiplier: 1.2791559364438907
voc_emergence.alpha_beta.start_time: 380.4577914905956