clinical_stratification.icu_prop: 0.14337676555411755
clinical_stratification.non_sympt_infect_multiplier: 0.3127455390111178
clinical_stratification.props.symptomatic.multiplier: 0.9447473935954636
contact_rate: 0.053107858483851834
infection_fatality.multiplier: 0.4677114211208784
infectious_seed: 133.29879243710172
mobility.microdistancing.behaviour.parameters.upper_asymptote: 0.38421658793882474
notifications_dispersion_param: 51.96880869439168
sojourn.compartment_periods_calculated.active.total_period: 6.023947367379147
sojourn.compartment_periods_calculated.exposed.total_period: 3.2451782645564085
testing_to_detection.assumed_cdr_parameter: 0.019388783871569927
vaccination.coverage_override: 0.5401752108261226
vaccination.overall_efficacy: 0.5067968040292284
vaccination.vacc_prop_prevent_infection: 0.7289725528418685
voc_emergence.alpha_beta.contact_rate_multiplier: 1.4438468403398113
voc_emergence.alpha_beta.start_time: 378.9607715670719