clinical_stratification.icu_prop: 0.1295241084647912
clinical_stratification.non_sympt_infect_multiplier: 0.2514442411981177
clinical_stratification.props.hospital.multiplier: 0.7878176162509984
clinical_stratification.props.symptomatic.multiplier: 1.250621318873947
contact_rate: 0.03671218085211679
infectious_seed: 44.07745007964038
mobility.microdistancing.behaviour.parameters.upper_asymptote: 0.3490838245563672
notifications_dispersion_param: 402.219521235465
sojourn.compartment_periods_calculated.active.total_period: 5.806065200173166
sojourn.compartment_periods_calculated.exposed.total_period: 7.300431292862665
testing_to_detection.assumed_cdr_parameter: 0.09556309975168588
vaccination.overall_efficacy: 0.25805911644275414
vaccination.vacc_prop_prevent_infection: 0.7096689578096745
voc_emergence.contact_rate_multiplier: 2.1528529026199923
voc_emergence.start_time: 387.8059294255103
