clinical_stratification.icu_prop: 0.12897375124118554
clinical_stratification.non_sympt_infect_multiplier: 0.2613217810842579
clinical_stratification.props.hospital.multiplier: 1.1465940335198832
clinical_stratification.props.symptomatic.multiplier: 1.5220774009922393
contact_rate: 0.03349912288144864
infection_deaths_dispersion_param: 1.460331077612447
infectious_seed: 67.18530616682354
mobility.microdistancing.behaviour.parameters.upper_asymptote: 0.12135183982767452
notifications_dispersion_param: 375.26399767052294
sojourn.compartment_periods_calculated.active.total_period: 6.004703141899681
sojourn.compartment_periods_calculated.exposed.total_period: 6.006230021215919
testing_to_detection.assumed_cdr_parameter: 0.05448889693271057
vaccination.overall_efficacy: 0.6814748231046784
vaccination.vacc_prop_prevent_infection: 0.40432343200598125
voc_emergence.contact_rate_multiplier: 1.791051176759775
voc_emergence.start_time: 470.50789794346076
