clinical_stratification.icu_prop: 0.12091385613143497
clinical_stratification.non_sympt_infect_multiplier: 0.3458711122414404
clinical_stratification.props.hospital.multiplier: 0.8151918791504199
clinical_stratification.props.symptomatic.multiplier: 1.1815798182898816
contact_rate: 0.03153412976004843
infectious_seed: 124.85731984542478
mobility.microdistancing.behaviour.parameters.upper_asymptote: 0.2127258608531408
notifications_dispersion_param: 393.2008689061124
sojourn.compartment_periods_calculated.active.total_period: 5.628038222274542
sojourn.compartment_periods_calculated.exposed.total_period: 7.2109127700032705
testing_to_detection.assumed_cdr_parameter: 0.09708120974270044
vaccination.overall_efficacy: 0.5354296572912978
vaccination.vacc_prop_prevent_infection: 0.6976151951011896
voc_emergence.contact_rate_multiplier: 1.5037540029163154
voc_emergence.start_time: 420.27204963403665
