clinical_stratification.icu_prop: 0.1764367738686384
clinical_stratification.non_sympt_infect_multiplier: 0.2091339464921853
clinical_stratification.props.hospital.multiplier: 1.2188239972132018
clinical_stratification.props.symptomatic.multiplier: 1.2848621969409324
contact_rate: 0.03396425392736014
infectious_seed: 84.37537835336593
mobility.microdistancing.behaviour.parameters.upper_asymptote: 0.33127318984016535
notifications_dispersion_param: 402.1440808209043
sojourn.compartment_periods_calculated.active.total_period: 7.344410916207242
sojourn.compartment_periods_calculated.exposed.total_period: 7.111062638399794
testing_to_detection.assumed_cdr_parameter: 0.09512578839857239
vaccination.overall_efficacy: 0.8289891653256456
vaccination.vacc_prop_prevent_infection: 0.600991551515625
voc_emergence.contact_rate_multiplier: 1.807693703940242
voc_emergence.start_time: 362.9612888207621
