contact_rate: 0.07975532270527508
age_stratification.prop_hospital.multiplier: 0.25479100256024606
hospital_stay.hospital_all.parameters.mean: 3.390025659354058
hospital_stay.icu.parameters.mean: 4.6809644647351245
immunity_stratification.prop_high_among_immune: 0.056635230164202646
immunity_stratification.prop_immune: 0.9457169539581883
infectious_seed: 314.35695245304623
prop_icu_among_hospitalised: 0.19048764442637744
sojourns.active.total_time: 9.214612591787947
testing_to_detection.assumed_cdr_parameter: 0.02464466027840783
time_from_onset_to_event.hospitalisation.parameters.mean: 6.5262175130442985
