age_stratification.prop_hospital.multiplier: 0.7355231559765665
age_stratification.prop_hospital.source_immunity_protection.high: 0.8705197934285772
age_stratification.prop_hospital.source_immunity_protection.low: 0.5258000171566535
contact_rate: 0.1906207526247597
hospital_stay.hospital_all.parameters.mean: 3.1917802254485728
hospital_stay.icu.parameters.mean: 4.261671036173064
immunity_stratification.infection_risk_reduction.high: 0.48940721660484726
immunity_stratification.infection_risk_reduction.low: 0.15286181483054476
infectious_seed: 371.5133347199413
prop_icu_among_hospitalised: 0.10719748352182677
sojourns.active.total_time: 4.683438215514442
testing_to_detection.assumed_cdr_parameter: 0.005212795374604464
time_from_onset_to_event.hospitalisation.parameters.mean: 6.363835059004621