age_stratification.prop_hospital.multiplier: 0.719248482952477
age_stratification.prop_hospital.source_immunity_protection.high: 0.9446367128846771
age_stratification.prop_hospital.source_immunity_protection.low: 0.5915978937004231
contact_rate: 0.13426437165141242
hospital_stay.hospital_all.parameters.mean: 3.5493883752410516
hospital_stay.icu.parameters.mean: 4.011194908935467
immunity_stratification.infection_risk_reduction.high: 0.5746543367416107
immunity_stratification.infection_risk_reduction.low: 0.15226661797798788
infectious_seed: 346.7322907479801
prop_icu_among_hospitalised: 0.11653107749632462
sojourns.active.total_time: 4.677756291583194
testing_to_detection.assumed_cdr_parameter: 0.005268235037358627
time_from_onset_to_event.hospitalisation.parameters.mean: 6.758183115053277