contact_rate: 0.10698382425613318
hospital_stay.hospital_all.parameters.mean: 2.9835051336380065
hospital_stay.icu.parameters.mean: 9.07090956311945
immunity_stratification.prop_high_among_immune: 0.05031985994090899
immunity_stratification.prop_immune: 0.9222473245195504
infectious_seed: 374.5847327154119
prop_icu_among_hospitalised: 0.0944588145524404
sojourns.active.total_time: 5.682094604520094
testing_to_detection.assumed_cdr_parameter: 0.0063652782487637945
time_from_onset_to_event.hospitalisation.parameters.mean: 6.580463518405015
