age_stratification.prop_hospital.multiplier: 0.2993943703141604
contact_rate: 0.10475451881894446
hospital_stay.hospital_all.parameters.mean: 2.1993799202404483
hospital_stay.icu.parameters.mean: 3.3418779840957376
immunity_stratification.prop_high_among_immune: 0.08046199292336746
immunity_stratification.prop_immune: 0.9230380011451915
infectious_seed: 343.6626698327381
prop_icu_among_hospitalised: 0.1915467132451319
sojourns.active.total_time: 6.835630491892902
testing_to_detection.assumed_cdr_parameter: 0.01764736334151279
time_from_onset_to_event.hospitalisation.parameters.mean: 5.493798689452563
