age_stratification.cfr.multiplier: 0.052130571779811244
contact_rate: 0.08823016938932662
infectious_seed: 297.315695586311
