age_stratification.prop_hospital.multiplier: 0.2180291658370045
contact_rate: 0.1303166721771988
hospital_stay.hospital_all.parameters.mean: 7. #3.2117277144370893
hospital_stay.icu.parameters.mean: 5.982384843660322
infectious_seed: 363.00548622658056
prop_icu_among_hospitalised: 0.14438190873005408
sojourns.active.total_time: 4.372940510553424
testing_to_detection.assumed_cdr_parameter: 0.0071903724260896675
time_from_onset_to_event.hospitalisation.parameters.mean: 6.714943374481661
