accum_deaths_dispersion_param: 3.8773605018783823
clinical_stratification.props.hospital.multiplier: 1.2 #0.9338872610266398
clinical_stratification.props.symptomatic.multiplier: 1.1 # 1.3462690354467315
contact_rate: 0.0232  # 0.022739500009201784
icu_occupancy_dispersion_param: 2.8877465051889613
infection_fatality.multiplier: 1.3 #1.5 # 1.4211991699810722
infectious_seed: 46.31844655681356
mobility.microdistancing.behaviour.parameters.max_effect: 0.10295540440156241
mobility.microdistancing.behaviour_adjuster.parameters.inflection_time: 424.9835673607258
mobility.microdistancing.behaviour_adjuster.parameters.lower_asymptote: 0.9711363935676619
notifications_dispersion_param: 3.419752158273172
sojourn.compartment_periods_calculated.active.total_period: 7.591200841295983
sojourn.compartment_periods_calculated.exposed.total_period: 6.95162056202483
testing_to_detection.assumed_cdr_parameter: 0.021 # 0.025789103149374812
voc_emmergence.end_time: 731
