accum_deaths_dispersion_param: 2.9932590925795157
clinical_stratification.props.hospital.multiplier: 1.0151916740802913
clinical_stratification.props.symptomatic.multiplier: 1.0836378649508573
contact_rate: 0.03 # 0.03044544678433142
icu_occupancy_dispersion_param: 2.7691557301668888
infection_fatality.multiplier: 3. # 1.0331519840416026
infectious_seed: 40. # 98.35100715222805
mobility.microdistancing.behaviour.parameters.max_effect: 0.1 # 0.12077336340072602
notifications_dispersion_param: 3.9826427953308747
sojourn.compartment_periods_calculated.active.total_period: 6.28387412343061
sojourn.compartment_periods_calculated.exposed.total_period: 4.142289482963981
testing_to_detection.assumed_cdr_parameter: 0.11004461098201829
voc_emmergence.final_proportion: .7
