contact_rate: 0.0600124444128281
infectious_seed: 130.4599572451446
testing_to_detection.assumed_cdr_parameter: 0.004409651595986571
voc_emergence.delta.contact_rate_multiplier: 2.1582183840802505
voc_emergence.delta.start_time: 331.