contact_rate: 0.0600124444128281
infectious_seed: 130.4599572451446
testing_to_detection.assumed_cdr_parameter: 0.004409651595986571