accum_deaths_dispersion_param: 2.8260996235824773
clinical_stratification.props.hospital.multiplier: 1.
clinical_stratification.props.symptomatic.multiplier: 0.9989391245097726
contact_rate: 0.03219748387339269
icu_occupancy_dispersion_param: 4.69075661946083
infection_fatality.multiplier: 0.9527342905269285
infectious_seed: 91.6912508276504
mobility.microdistancing.behaviour.parameters.max_effect: 0.10603041225323
mobility.microdistancing.behaviour_adjuster.parameters.inflection_time: 387.76572566704436
mobility.microdistancing.behaviour_adjuster.parameters.lower_asymptote: 0.9724278149271498
notifications_dispersion_param: 4.431119949551599
sojourn.compartment_periods_calculated.active.total_period: 6.930090445421026
sojourn.compartment_periods_calculated.exposed.total_period: 5.565930218970566
testing_to_detection.assumed_cdr_parameter: 0.030331575441983526
voc_emmergence.end_time: 440
