accum_deaths_dispersion_param: 4.473755665826267
clinical_stratification.props.hospital.multiplier: 1.1283587086501958
clinical_stratification.props.symptomatic.multiplier: 1.4159424146533377
contact_rate: 0.033534082885691804
icu_occupancy_dispersion_param: 4.140913393217455
infection_fatality.multiplier: 0.7165383820182181
infectious_seed: 45.10585408404366
mobility.microdistancing.behaviour.parameters.max_effect: 0.11416757122371252
notifications_dispersion_param: 2.7467567797399637
sojourn.compartment_periods_calculated.active.total_period: 6.010936557285794
sojourn.compartment_periods_calculated.exposed.total_period: 6.153882316157338
testing_to_detection.assumed_cdr_parameter: 0.05160097003970095
