accum_deaths_dispersion_param: 4.099069666711587
clinical_stratification.props.hospital.multiplier: 1.1481138519553777
clinical_stratification.props.symptomatic.multiplier: 0.935611574425748
contact_rate: 0.03213404394708294
icu_occupancy_dispersion_param: 4.492792801510828
infection_fatality.multiplier: 0.8561652956596244
infectious_seed: 70.47000971835679
mobility.microdistancing.behaviour.parameters.max_effect: 0.11740259961349027
mobility.microdistancing.behaviour_adjuster.parameters.inflection_time: 394.82792029894915
mobility.microdistancing.behaviour_adjuster.parameters.lower_asymptote: 0.9932955584047414
notifications_dispersion_param: 3.0509186068796597
sojourn.compartment_periods_calculated.active.total_period: 7.081920056061732
sojourn.compartment_periods_calculated.exposed.total_period: 5.615572991644547
testing_to_detection.assumed_cdr_parameter: 0.032977130489585144
voc_emmergence.end_time: 457
