accum_deaths_dispersion_param: 4.329420512898146
clinical_stratification.props.hospital.multiplier: 1.18132712626398
clinical_stratification.props.symptomatic.multiplier: 1.0388804923076025
contact_rate: 0.0301888501561497
icu_occupancy_dispersion_param: 4.877634052844483
infection_fatality.multiplier: 1.323091138574458
infectious_seed: 98.33958480979264
mobility.microdistancing.behaviour.parameters.max_effect: 0.13059820316716247
mobility.microdistancing.behaviour_adjuster.parameters.inflection_time: 386.3935100871299
mobility.microdistancing.behaviour_adjuster.parameters.lower_asymptote: 0.9759550443342282
notifications_dispersion_param: 4.277279997975619
sojourn.compartment_periods_calculated.active.total_period: 7.421724758781576
sojourn.compartment_periods_calculated.exposed.total_period: 5.799139328838662
testing_to_detection.assumed_cdr_parameter: 0.03748576923964591
voc_emergence.contact_rate_multiplier: 1.7184307928421
voc_emergence.start_time: 336.56631400580227
