case_detection.end_value: 0.7839711101737366
case_detection.max_change_time: 180.8433366298104
case_detection.maximum_gradient: 0.11520013041619553
case_detection.start_value: 0.18746431951538092
clinical_stratification.props.hospital.multiplier: 1.317349184872076
clinical_stratification.props.symptomatic.multiplier: 1.0447891396875093
contact_rate: 0.05494992142563203
elderly_mixing_reduction.relative_reduction: 0.4914196292598348
infection_deaths_dispersion_param: 82.528059297715
infection_fatality.multiplier: 1.00890456944602
mobility.microdistancing.behaviour.parameters.inflection_time: 75.35287231642128
mobility.microdistancing.behaviour.parameters.upper_asymptote: 0.7807779863072714
mobility.microdistancing.behaviour_adjuster.parameters.inflection_time: 140.16527209851978
mobility.microdistancing.behaviour_adjuster.parameters.lower_asymptote: 0.4128013578080906
new_hospital_admissions_dispersion_param: 356.50264464509513
notifications_dispersion_param: 1259.7708567761058
sojourn.compartment_periods_calculated.active.total_period: 4.714237718018549
sojourn.compartment_periods_calculated.exposed.total_period: 3.6448815418862477
time.start: 35.894675027445054
