case_detection.end_value: 0.8432970174338291
case_detection.max_change_time: 206.451489192002
case_detection.maximum_gradient: 0.0901333083054422
case_detection.start_value: 0.12391774569295358
clinical_stratification.props.hospital.multiplier: 1.2619772401877292
clinical_stratification.props.symptomatic.multiplier: 1.0201297301225885
contact_rate: 0.04255998531434122
infection_deaths_dispersion_param: 87.5561885616903
infection_fatality.multiplier: 1.374708823975883
mobility.microdistancing.behaviour.parameters.c: 81.13147580284317
mobility.microdistancing.behaviour.parameters.upper_asymptote: 0.5000557810326125
mobility.microdistancing.behaviour_adjuster.parameters.c: 138.3187816382032
mobility.microdistancing.behaviour_adjuster.parameters.sigma: 0.46639638055408966
new_hospital_admissions_dispersion_param: 492.7094512393919
notifications_dispersion_param: 1149.9122471883134
sojourn.compartment_periods.hospital_late: 15.078948162824865
sojourn.compartment_periods.icu_late: 10.116401006634865
sojourn.compartment_periods_calculated.active.total_period: 5.122442903469784
sojourn.compartment_periods_calculated.exposed.total_period: 2.897195289623824
time.start: 35.25888019100054
