infectious_seed: 129.26217014246998
contact_rate: 0.001594799362031496
testing_to_detection.assumed_cdr_parameter: 0.0034371507367251357
immunity_stratification.prop_high_among_immune: 0.12592400532945097
age_stratification.cfr.multiplier: 0.00024080109836056737
prop_icu_among_hospitalised: 0.0013419888000225835
sojourns.active.proportion_early: 0.0020476616704788037
sojourns.latent.proportion_early: 3.963708732315538e-05
