contact_rate: 0.10118993024015682
infectious_seed: 1447.6389411122898
sojourns.active.proportion_early: 0.9121238523227209
sojourns.active.total_time: 6.
sojourns.latent.proportion_early: 0.7473195108845829
sojourns.latent.total_time: 4.
voc_emergence.omicron.contact_rate_multiplier: 4.670748510987282
voc_emergence.omicron.icu_multiplier: 0.1983289031101358
voc_emergence.omicron.relative_active_period: 1.4867428041314454
voc_emergence.omicron.relative_latency: 0.17250470228580275
voc_emergence.wild_type.relative_active_period: 1.912747083227452
voc_emergence.wild_type.relative_latency: 1.23511172131566
