contact_rate: 0.5377381304361815
infectious_seed: 24.066405864240632
testing_to_detection.assumed_tests_parameter: 0.006113337663670222
sojourns.latent.total_time: 3.7166587721639575
immunity_stratification.prop_high_among_immune: 0.9326450552488931
immunity_stratification.prop_immune: 0.6418042845452613
prop_icu_among_hospitalised: 0.08306508253326311
sojourns.active.proportion_early: 0.3147854554748739
sojourns.latent.proportion_early: 0.59603551753174
