age_stratification.prop_hospital.multiplier: 1.5404948278230057
contact_rate: 0.1572864446532502
immunity_stratification.infection_risk_reduction.high: 0.6617593911582984
immunity_stratification.infection_risk_reduction.low: 0.1108172974286016
infectious_seed: 222.85748941812025
mobility.microdistancing.behavior.parameters.max_effect: 0.02273163355135529
prop_icu_among_hospitalised: 0.0448163927262341
sojourns.active.total_time: 7.0020327972388525
sojourns.latent.total_time: 4.052063617377728
voc_emergence.delta.icu_multiplier: 0.6662704824117838
voc_emergence.omicron.contact_rate_multiplier: 1.6987463430208278
voc_emergence.omicron.icu_multiplier: 0.48422924630347786
voc_emergence.omicron.new_voc_seed.start_time: 738.4105511976892
voc_emergence.omicron.relative_active_period: 0.4688064255803599
voc_emergence.omicron.relative_latency: 0.30562370623016794
