contact_rate: 0.37503376186213155
infectious_seed: 109.95823907945405
testing_to_detection.assumed_cdr_parameter: 0.005436666617856549
testing_to_detection.assumed_tests_parameter: 0.0014954232910831331
sojourns.latent.total_time: 3.7803953565655015
immunity_stratification.prop_high_among_immune: 0.7480788061190324
immunity_stratification.prop_immune: 0.3809439028384106
age_stratification.cfr.multiplier: 0.37310678340048187