age_stratification.prop_hospital.multiplier: 1.4210274027400618
contact_rate: 0.15405085394320367
immunity_stratification.infection_risk_reduction.high: 0.5480948898848788
immunity_stratification.infection_risk_reduction.low: 0.19748399832601582
infectious_seed: 350.76362952471106
mobility.microdistancing.behavior.parameters.max_effect: 0.2
prop_icu_among_hospitalised: 0.03672862809171533
sojourns.active.proportion_early: 0.004460032686302373
sojourns.active.total_time: 7.773587653921577
sojourns.latent.proportion_early: 0.26388598731975915
sojourns.latent.total_time: 3.025890896828908
voc_emergence.omicron.contact_rate_multiplier: 1.953274914535517
voc_emergence.omicron.icu_multiplier: 0.3970810498222548
voc_emergence.omicron.new_voc_seed.start_time: 734.0598226676183
voc_emergence.omicron.relative_active_period: 0.5431974688727153
voc_emergence.omicron.relative_latency: 0.5685949742057175
