contact_rate: 0.4651615199251355
infectious_seed: 69.45040462253979
testing_to_detection.assumed_cdr_parameter: 0.008783566755212063
testing_to_detection.assumed_tests_parameter: 0.004351822778826222
sojourns.latent.total_time: 4.373042929611154
immunity_stratification.prop_high_among_immune: 0.9870257995663785
immunity_stratification.prop_immune: 0.540927585398332
age_stratification.cfr.multiplier: 0.3751627395148122
age_stratification.prop_hospital.multiplier: 0.9128409211748526