infectious_seed: 1250.4587580560087
contact_rate: 0.1647709016594029
testing_to_detection.assumed_tests_parameter: 0.005454878321199161
testing_to_detection.assumed_cdr_parameter: 0.024285690609262778
age_stratification.cfr.multiplier: 0.5227898686722454
age_stratification.prop_hospital.multiplier: 0.9992293845374249
prop_icu_among_hospitalised: 0.06707815050197241
voc_emergence.omicron.new_voc_seed.start_time: 770.0129272875837
sojourns.active.proportion_early: 0.01977000477760706
sojourns.latent.proportion_early: 0.2855635555622767
