infectious_seed: 55.923272739942014
contact_rate: 0.4897627713050438
testing_to_detection.assumed_cdr_parameter: 0.013257149272233058
testing_to_detection.assumed_tests_parameter: 0.006451793464676154
sojourns.latent.total_time: 4.209527995916564
age_stratification.cfr.multiplier: 0.46825143782025364
immunity_stratification.prop_high_among_immune: 0.9976603037871001
immunity_stratification.prop_immune: 0.5852629995109967
prop_icu_among_hospitalised: 0.07886888792430193