age_stratification.prop_hospital.multiplier: 2.4628304096413105
contact_rate: 0.1632353849889187
immunity_stratification.infection_risk_reduction.high: 0.5484792877240935
immunity_stratification.infection_risk_reduction.low: 0.1593472873817483
infectious_seed: 192.5491497536894
mobility.microdistancing.behavior.parameters.max_effect: 0.034310659117398105
prop_icu_among_hospitalised: 0.032320552536023575
sojourns.active.proportion_early: 0.04952421543740751
sojourns.active.total_time: 6.179801992777829
sojourns.latent.proportion_early: 0.33173259237760666
sojourns.latent.total_time: 2.4734547727604217
voc_emergence.omicron.contact_rate_multiplier: 1.8420334055728866
voc_emergence.omicron.icu_multiplier: 0.399079840997963
voc_emergence.omicron.new_voc_seed.start_time: 726.2479471165332
voc_emergence.omicron.relative_active_period: 0.512535194425206
voc_emergence.omicron.relative_latency: 0.5644514342871908
