contact_rate: 0.5641797664892744
infectious_seed: 20.24182951989918
testing_to_detection.assumed_tests_parameter: 0.026648207435165862
immunity_stratification.prop_immune: 0.8355151430020982
prop_icu_among_hospitalised: 0.13073483973625405
voc_emergence.omicron.relative_latency: 0.670124017428167
sojourns.active.proportion_early: 0.40473180142164256
sojourns.latent.proportion_early: 0.3346565193476691
