age_stratification.prop_hospital.multiplier: 1.4892503129704275
contact_rate: 0.15612266517775364
immunity_stratification.infection_risk_reduction.high: 0.6264104147314978
immunity_stratification.infection_risk_reduction.low: 0.13978898655010724
infectious_seed: 223.53482165782845
mobility.microdistancing.behavior.parameters.max_effect: 0.013007545071061494
prop_icu_among_hospitalised: 0.039815041216539955
sojourns.active.total_time: 7.767332902628087
sojourns.latent.total_time: 4.477527130134705
voc_emergence.delta.icu_multiplier: 0.7756356996218248
voc_emergence.omicron.contact_rate_multiplier: 1.2262490966711435
voc_emergence.omicron.icu_multiplier: 0.3390630945766061
voc_emergence.omicron.new_voc_seed.start_time: 728.4804079705289
voc_emergence.omicron.relative_active_period: 0.5387967543143276
voc_emergence.omicron.relative_latency: 0.3344048964015869
