infectious_seed: 68.4430707143062
contact_rate: 0.5006772364494115
testing_to_detection.assumed_cdr_parameter: 0.01318597804074547
testing_to_detection.assumed_tests_parameter: 0.006990421474771346
sojourns.latent.total_time: 4.484906809423955
immunity_stratification.prop_high_among_immune: 0.9991159820344973
immunity_stratification.prop_immune: 0.5900255555097685
age_stratification.cfr.multiplier: 0.467127384335135
prop_icu_among_hospitalised: 0.07896024374130554
