infectious_seed: 27.65584104680073
contact_rate: 0.6569541558979514
testing_to_detection.assumed_tests_parameter: 0.026752843489062907
immunity_stratification.prop_immune: 0.8375691200344533
age_stratification.cfr.multiplier: 0.8235852507162007
prop_icu_among_hospitalised: 0.09858872205380795
voc_emergence.omicron.new_voc_seed.start_time: 759.4414691570005
voc_emergence.omicron.relative_latency: 0.5608152188286217
sojourns.active.proportion_early: 0.3160090851029233
sojourns.latent.proportion_early: 0.16553662740260858
