age_stratification.prop_hospital.multiplier: 2.3131122253713716
contact_rate: 0.16219977729355103
immunity_stratification.infection_risk_reduction.high: 0.5452633683631557
immunity_stratification.infection_risk_reduction.low: 0.15922255269705735
infectious_seed: 171.29009212203067
mobility.microdistancing.behavior.parameters.max_effect: 0.03480657556409817
prop_icu_among_hospitalised: 0.037098129530863534
sojourns.active.proportion_early: 0.05599505762856785
sojourns.active.total_time: 6.173825014318874
sojourns.latent.proportion_early: 0.3137686357985715
sojourns.latent.total_time: 2.3328727601038928
voc_emergence.omicron.contact_rate_multiplier: 2.294407774364446
voc_emergence.omicron.icu_multiplier: 0.4163983932032076
voc_emergence.omicron.new_voc_seed.start_time: 734.597347246137
voc_emergence.omicron.relative_active_period: 0.5050206540798009
voc_emergence.omicron.relative_latency: 0.6364410209387473
