infectious_seed: 1245.3223473698781
contact_rate: 0.16202565706860234
testing_to_detection.assumed_tests_parameter: 0.009980618260086664
testing_to_detection.assumed_cdr_parameter: 0.024705592421590487
age_stratification.cfr.multiplier: 0.5125380450417979
age_stratification.prop_hospital.multiplier: 0.9943762829335911
prop_icu_among_hospitalised: 0.05021137250174372
voc_emergence.omicron.new_voc_seed.start_time: 780.2965432141771
