age_stratification.prop_hospital.multiplier: 1.6612464158960383
contact_rate: 0.1669098289436004
immunity_stratification.infection_risk_reduction.high: 0.5493082562403895
immunity_stratification.infection_risk_reduction.low: 0.1307369940259889
infectious_seed: 200.6350488349837
mobility.microdistancing.behavior.parameters.max_effect: 0.010298364856884857
prop_icu_among_hospitalised: 0.036002139866499014
sojourns.active.proportion_early: 0.013855992644272383
sojourns.active.total_time: 6.712270201861845
sojourns.latent.proportion_early: 0.27146300583419963
sojourns.latent.total_time: 2.785755888670576
voc_emergence.omicron.contact_rate_multiplier: 2.0725963938457603
voc_emergence.omicron.icu_multiplier: 0.5893017921004877
voc_emergence.omicron.new_voc_seed.start_time: 739.8924255355146
voc_emergence.omicron.relative_active_period: 0.7627309312435266
voc_emergence.omicron.relative_latency: 0.7911138572066725
