age_stratification.prop_hospital.multiplier: 2.46941524649447
contact_rate: 0.16292321096347828
immunity_stratification.infection_risk_reduction.high: 0.5511855860659424
immunity_stratification.infection_risk_reduction.low: 0.15487234704473857
infectious_seed: 200.2334242098696
mobility.microdistancing.behavior.parameters.max_effect: 0.038409249303503167
prop_icu_among_hospitalised: 0.033818413001820355
sojourns.active.proportion_early: 0.043718026632266135
sojourns.active.total_time: 6.163290836431013
sojourns.latent.proportion_early: 0.21943853700517166
sojourns.latent.total_time: 2.415746266719265
voc_emergence.omicron.contact_rate_multiplier: 2.220021288293513
voc_emergence.omicron.icu_multiplier: 0.4552775695195588
voc_emergence.omicron.new_voc_seed.start_time: 745.2375404645577
voc_emergence.omicron.relative_active_period: 0.7335745771803635
voc_emergence.omicron.relative_latency: 0.6982134438739409
