contact_rate: 0.08350634327997017
infectious_seed: 1251.3887222479677
sojourns.active.proportion_early: 0.9245526623543638
sojourns.active.total_time: 9.525856368596726
sojourns.latent.proportion_early: 0.7329603674072347
sojourns.latent.total_time: 3.9688520019742226
voc_emergence.omicron.contact_rate_multiplier: 4.73195630669016
voc_emergence.omicron.icu_multiplier: 0.4587912473390727
voc_emergence.omicron.relative_active_period: 2.010099130344331
voc_emergence.omicron.relative_latency: 0.16273195058964107
voc_emergence.wild_type.icu_multiplier: 0.8025757785558867
voc_emergence.wild_type.relative_active_period: 2.860855067605683
voc_emergence.wild_type.relative_latency: 0.7900200548063111
