contact_rate: 0.5547733931534566
infectious_seed: 52.78828638237344
testing_to_detection.assumed_tests_parameter: 0.026707191919888545
immunity_stratification.prop_immune: 0.8241632295078933
prop_icu_among_hospitalised: 0.12817992975205378
sojourns.active.proportion_early: 0.4132700481747481
sojourns.latent.proportion_early: 0.3478205023604569
