contact_rate: 0.08730361353096229
infectious_seed: 2540.1170268907376
sojourns.active.proportion_early: 0.9543658512374154
sojourns.active.total_time: 9.053147884772326
sojourns.latent.proportion_early: 0.7726874512565782
sojourns.latent.total_time: 5.9842356093707725
voc_emergence.omicron.contact_rate_multiplier: 3.60438020864318
voc_emergence.omicron.icu_multiplier: 0.3609413864097348
voc_emergence.omicron.relative_active_period: 1.8775181777341512
voc_emergence.omicron.relative_latency: 0.05868481853199009
voc_emergence.wild_type.icu_multiplier: 0.8325132123970518
voc_emergence.wild_type.relative_active_period: 2.369780131870416
voc_emergence.wild_type.relative_latency: 0.8425045061930913
