contact_rate: 0.24991229909408458
infectious_seed: 84.95938400714486
sojourns.latent.total_time: 1.1624251904552014
testing_to_detection.assumed_cdr_parameter: 0.015467112751344277