contact_rate: 0.23020089539426133
immunity_stratification.prop_high_among_immune: 0.33669668276494713
immunity_stratification.prop_immune: 0.6888936146519888
infectious_seed: 165.70399294948515
sojourns.latent.total_time: 3.970139657868139
testing_to_detection.assumed_cdr_parameter: 0.006030145318707719