contact_rate: 0.12108489093391188
infectious_seed: 1154.0865732464806
sojourns.active.proportion_early: 0.9142221682007483
sojourns.latent.proportion_early: 0.7878240643498126
voc_emergence.omicron.contact_rate_multiplier: 2.942424289307553
voc_emergence.omicron.hosp_protection: 0.9136152775017453
voc_emergence.omicron.icu_multiplier: 0.08788642449453048
voc_emergence.omicron.relative_active_period: 1.1530193706040692
voc_emergence.omicron.relative_latency: 0.0935289374323019
voc_emergence.wild_type.relative_active_period: 1.4562113720108565
voc_emergence.wild_type.relative_latency: 1.4443204890267847
