age_stratification.prop_hospital.multiplier: 1.983393217366276
contact_rate: 0.1639198410352062
immunity_stratification.infection_risk_reduction.low: 0.24426105109597304
immunity_stratification.infection_risk_reduction.high: 0.5652780159702679
infectious_seed: 472.92377513465743
mobility.microdistancing.behavior.parameters.max_effect: 0.20807805000987256
prop_icu_among_hospitalised: 0.05112124909780936
sojourns.active.proportion_early: 0.10157436092926933
sojourns.active.total_time: 6.128826590824552
sojourns.latent.proportion_early: 0.49743711914754746
sojourns.latent.total_time: 2.7025917760014977
#voc_emergence.omicron.contact_rate_multiplier: 4.132616432066387
#voc_emergence.omicron.icu_multiplier: 0.3427132834179045
#voc_emergence.omicron.relative_active_period: 1.8407208504001256
#voc_emergence.omicron.relative_latency: 0.08375051547709242
#voc_emergence.wild_type.icu_multiplier: 0.7519364122142305
#voc_emergence.wild_type.relative_active_period: 3.451279203086722
#voc_emergence.wild_type.relative_latency: 0.7322048078496081
