contact_rate: 0.08922594761333516
infectious_seed: 1915.1790566975892
sojourns.active.proportion_early: 0.9208913936028358
sojourns.active.total_time: 7.573982349946027
sojourns.latent.proportion_early: 0.7581373597301937
sojourns.latent.total_time: 5.410032774359442
voc_emergence.omicron.contact_rate_multiplier: 3.7819405499927328
voc_emergence.omicron.icu_multiplier: 0.025818148077064746
voc_emergence.omicron.relative_active_period: 1.443311109254231
voc_emergence.omicron.relative_latency: 0.011815742240084628
voc_emergence.wild_type.relative_active_period: 1.7419647647926033
voc_emergence.wild_type.relative_latency: 0.8256277005386036
