age_stratification.prop_hospital.multiplier: 2.4428442654598483
contact_rate: 0.15743462076770692
immunity_stratification.infection_risk_reduction.high: 0.607770716555498
immunity_stratification.infection_risk_reduction.low: 0.12778671295111335
infectious_seed: 121.66636732130388
mobility.microdistancing.behavior.parameters.max_effect: 0.011395232586854176
prop_icu_among_hospitalised: 0.032995001842662436
sojourns.active.proportion_early: 0.07082416594521158
sojourns.active.total_time: 6.24721880328018
sojourns.latent.proportion_early: 0.2188776843753442
sojourns.latent.total_time: 2.1423184982858325
voc_emergence.omicron.contact_rate_multiplier: 1.0623645612903816
voc_emergence.omicron.icu_multiplier: 0.9048868210901431
voc_emergence.omicron.new_voc_seed.start_time: 760.0805515616761
voc_emergence.omicron.relative_active_period: 0.5791602209621828
voc_emergence.omicron.relative_latency: 0.7211805171812806
