age_stratification.prop_hospital.multiplier: 2.8208602469125683
contact_rate: 0.16271975861069554
immunity_stratification.infection_risk_reduction.low: 0.23762502931470672
immunity_stratification.infection_risk_reduction.high: 0.5905611928172854
infectious_seed: 172.53970006560098
mobility.microdistancing.behavior.parameters.max_effect: 0.09444616715402279
prop_icu_among_hospitalised: 0.03711653506692392
sojourns.active.proportion_early: 0.16426459570606564
sojourns.active.total_time: 5.7784555448153885
sojourns.latent.proportion_early: 0.27328275800426466
sojourns.latent.total_time: 2.3862494432870274
#voc_emergence.omicron.contact_rate_multiplier: 4.132616432066387
#voc_emergence.omicron.icu_multiplier: 0.3427132834179045
#voc_emergence.omicron.relative_active_period: 1.8407208504001256
#voc_emergence.omicron.relative_latency: 0.08375051547709242
#voc_emergence.wild_type.icu_multiplier: 0.7519364122142305
#voc_emergence.wild_type.relative_active_period: 3.451279203086722
#voc_emergence.wild_type.relative_latency: 0.7322048078496081
