age_stratification.prop_hospital.multiplier: 1.11200489741158
contact_rate: 0.16838121995435473
immunity_stratification.infection_risk_reduction.high: 0.6023475802333715
immunity_stratification.infection_risk_reduction.low: 0.1757800298184456
infectious_seed: 128.9863228462829
mobility.microdistancing.behavior.parameters.max_effect: 0.011933673152678272
prop_icu_among_hospitalised: 0.05436267721481221
sojourns.active.total_time: 7.794198329792824
sojourns.latent.total_time: 4.694343040772452
voc_emergence.delta.icu_multiplier: 0.6073350282287548
voc_emergence.omicron.contact_rate_multiplier: 2.3207901935575723
voc_emergence.omicron.icu_multiplier: 0.3401679956420321
voc_emergence.omicron.new_voc_seed.start_time: 756.6941937947881
voc_emergence.omicron.relative_active_period: 0.6729750134545336
voc_emergence.omicron.relative_latency: 0.7638945619348924
