age_stratification.prop_hospital.multiplier: 2.6032522265457922
contact_rate: 0.16449461037618132
immunity_stratification.infection_risk_reduction.high: 0.5516903293632707
immunity_stratification.infection_risk_reduction.low: 0.16273779566776841
infectious_seed: 200.83603703611982
mobility.microdistancing.behavior.parameters.max_effect: 0.07248395478850451
prop_icu_among_hospitalised: 0.03356516325699321
sojourns.active.proportion_early: 0.044639920467122556
sojourns.active.total_time: 6.147565211596137
sojourns.latent.proportion_early: 0.30404643421671274
sojourns.latent.total_time: 2.3177775165501853
voc_emergence.omicron.contact_rate_multiplier: 4.150332887559882
voc_emergence.omicron.icu_multiplier: 0.494967965346537
voc_emergence.omicron.new_voc_seed.start_time: 762.1090557578059
voc_emergence.omicron.relative_active_period: 1.
voc_emergence.omicron.relative_latency: 0.667
#voc_emergence.wild_type.icu_multiplier: 0.7519364122142305
#voc_emergence.wild_type.relative_active_period: 3.451279203086722
#voc_emergence.wild_type.relative_latency: 0.7322048078496081
