contact_rate: 0.48627257382034006
infectious_seed: 55.169338149434815
testing_to_detection.assumed_cdr_parameter: 0.013223320553513385
testing_to_detection.assumed_tests_parameter: 0.006523178279748781
sojourns.latent.total_time: 4.0913479001139175
immunity_stratification.prop_high_among_immune: 0.9968141377128422
immunity_stratification.prop_immune: 0.5887212657086589
age_stratification.cfr.multiplier: 0.44448948156302365