age_stratification.prop_hospital.multiplier: 1.484899811526368
contact_rate: 0.1591295794476194
immunity_stratification.infection_risk_reduction.high: 0.6880608026897406
immunity_stratification.infection_risk_reduction.low: 0.10100538779456567
infectious_seed: 269.54432029954876
mobility.microdistancing.behavior.parameters.max_effect: 0.026889233773489202
prop_icu_among_hospitalised: 0.041517258358529166
sojourns.active.total_time: 7.18929033890468
sojourns.latent.total_time: 4.444761399697476
voc_emergence.delta.icu_multiplier: 0.7479790863909013
voc_emergence.omicron.contact_rate_multiplier: 1.2588378763023356
voc_emergence.omicron.icu_multiplier: 0.2996251028939585
voc_emergence.omicron.new_voc_seed.start_time: 735.8535089725983
voc_emergence.omicron.relative_active_period: 0.5543538735981668
voc_emergence.omicron.relative_latency: 0.14277547003195973
