accum_deaths_dispersion_param: 4.400990806568909
clinical_stratification.props.hospital.multiplier: 1.2933180737515237
clinical_stratification.props.symptomatic.multiplier: 1.1206970377384664
contact_rate: 0.0340142461152554
icu_occupancy_dispersion_param: 4.254667839293984
infection_fatality.multiplier: 0.7146758619169111
infectious_seed: 33.478722809897626
mobility.microdistancing.behaviour.parameters.max_effect: 0.2139890575509797
mobility.microdistancing.behaviour_adjuster.parameters.inflection_time: 419.6138204132497
mobility.microdistancing.behaviour_adjuster.parameters.lower_asymptote: 0.827591867227565
notifications_dispersion_param: 2.430644239229371
sojourn.compartment_periods_calculated.active.total_period: 6.025712992880097
sojourn.compartment_periods_calculated.exposed.total_period: 5.9900641193874335
testing_to_detection.assumed_cdr_parameter: 0.07505060800214723
voc_emergence.contact_rate_multiplier: 1.5633396492796694
voc_emergence.start_time: 400
