clinical_stratification.props.hospital.multiplier: 0.9024498854095786
contact_rate: 0.030874345019026438
infectious_seed: 76.99858292852062
testing_to_detection.assumed_cdr_parameter: 0.09233561599993165
vaccination.overall_efficacy: 0.5563961927324466
vaccination.vacc_prop_prevent_infection: 0.736434022040782
voc_emergence.start_time: 435.83345949326934
