accum_deaths_dispersion_param: 2.778264017250774
clinical_stratification.props.hospital.multiplier: 1.1331540373784714
clinical_stratification.props.symptomatic.multiplier: 1.2319656424468892
contact_rate: 0.0305236813340223
icu_occupancy_dispersion_param: 3.822389325941131
infection_fatality.multiplier: 1.4729914267923552
infectious_seed: 42.40415695795644
mobility.microdistancing.behaviour.parameters.max_effect: 0.17014525527452573
mobility.microdistancing.behaviour_adjuster.parameters.inflection_time: 412.68441044471126
mobility.microdistancing.behaviour_adjuster.parameters.lower_asymptote: 0.8940949317460377
notifications_dispersion_param: 2.444721630554751
sojourn.compartment_periods_calculated.active.total_period: 7.023712383337784
sojourn.compartment_periods_calculated.exposed.total_period: 4.285325342472956
testing_to_detection.assumed_cdr_parameter: 0.096832136191432
vaccination.overall_efficacy: 0.8410313939979032
vaccination.vacc_prop_prevent_infection: 0.14226989136866475
voc_emergence.voc_strain(0).voc_components.contact_rate_multiplier: 1.8077585944700392
voc_emergence.voc_strain(0).voc_components.start_time: 407.67550643600566
